0.998135 0.031898 -0.052051 -0.304830
0.000000 0.852638 0.522494 1.367226
0.061048 -0.521527 0.851053 1.462762
0.000000 0.000000 0.000000 1.000000
0.998570 0.027344 -0.045941 -0.290765
0.000823 0.851353 0.524586 1.367835
0.053458 -0.523881 0.850117 1.462237
0.000000 0.000000 0.000000 1.000000
0.998946 0.022773 -0.039840 -0.276717
0.001628 0.850057 0.526680 1.368412
0.045862 -0.526197 0.849130 1.461495
0.000000 0.000000 0.000000 1.000000
0.999265 0.018186 -0.033749 -0.262686
0.002413 0.848754 0.528775 1.368966
0.038262 -0.528475 0.848090 1.460539
0.000000 0.000000 0.000000 1.000000
0.999525 0.013582 -0.027667 -0.248672
0.003180 0.847441 0.530872 1.369491
0.030658 -0.530715 0.847000 1.459374
0.000000 0.000000 0.000000 1.000000
0.999727 0.008962 -0.021595 -0.234677
0.003929 0.846120 0.532971 1.369987
0.023050 -0.532917 0.845858 1.458005
0.000000 0.000000 0.000000 1.000000
0.999870 0.004327 -0.015533 -0.220700
0.004658 0.844790 0.535070 1.370460
0.015438 -0.535080 0.844665 1.456431
0.000000 0.000000 0.000000 1.000000
0.999955 -0.000324 -0.009482 -0.206742
0.005368 0.843452 0.537171 1.370905
0.007825 -0.537205 0.843420 1.454659
0.000000 0.000000 0.000000 1.000000
0.999982 -0.004990 -0.003442 -0.192804
0.006059 0.842105 0.539273 1.371325
0.000209 -0.539291 0.842124 1.452692
0.000000 0.000000 0.000000 1.000000
0.999950 -0.009671 0.002587 -0.178885
0.006732 0.840750 0.541375 1.371720
-0.007409 -0.541337 0.840777 1.450533
0.000000 0.000000 0.000000 1.000000
0.999860 -0.014366 0.008604 -0.164987
0.007385 0.839386 0.543478 1.372091
-0.015028 -0.543345 0.839379 1.448184
0.000000 0.000000 0.000000 1.000000
0.999711 -0.019075 0.014608 -0.151109
0.008019 0.838015 0.545581 1.372437
-0.022647 -0.545314 0.837930 1.445651
0.000000 0.000000 0.000000 1.000000
0.999505 -0.023798 0.020600 -0.137252
0.008634 0.836635 0.547685 1.372759
-0.030267 -0.547243 0.836431 1.442938
0.000000 0.000000 0.000000 1.000000
0.999239 -0.028535 0.026579 -0.123417
0.009229 0.835247 0.549790 1.373060
-0.037887 -0.549133 0.834880 1.440043
0.000000 0.000000 0.000000 1.000000
0.998916 -0.033285 0.032544 -0.109604
0.009806 0.833852 0.551894 1.373337
-0.045505 -0.550984 0.833279 1.436978
0.000000 0.000000 0.000000 1.000000
0.998534 -0.038048 0.038495 -0.095813
0.010363 0.832448 0.553998 1.373592
-0.053123 -0.552795 0.831627 1.433740
0.000000 0.000000 0.000000 1.000000
0.998094 -0.042824 0.044433 -0.082045
0.010901 0.831037 0.556103 1.373827
-0.060739 -0.554566 0.829925 1.430334
0.000000 0.000000 0.000000 1.000000
0.997596 -0.047612 0.050356 -0.068300
0.011419 0.829619 0.558207 1.374040
-0.068352 -0.556297 0.828172 1.426764
0.000000 0.000000 0.000000 1.000000
0.997039 -0.052412 0.056263 -0.054580
0.011919 0.828192 0.560310 1.374233
-0.075963 -0.557988 0.826370 1.423034
0.000000 0.000000 0.000000 1.000000
0.996425 -0.057224 0.062156 -0.040883
0.012398 0.826758 0.562413 1.374408
-0.083570 -0.559639 0.824517 1.419148
0.000000 0.000000 0.000000 1.000000
0.995752 -0.062047 0.068033 -0.027210
0.012858 0.825317 0.564516 1.374562
-0.091174 -0.561250 0.822614 1.415106
0.000000 0.000000 0.000000 1.000000
0.995021 -0.066881 0.073894 -0.013563
0.013299 0.823869 0.566617 1.374695
-0.098773 -0.562820 0.820661 1.410916
0.000000 0.000000 0.000000 1.000000
0.994232 -0.071726 0.079738 0.000058
0.013721 0.822414 0.568718 1.374814
-0.106368 -0.564350 0.818659 1.406580
0.000000 0.000000 0.000000 1.000000
0.993385 -0.076582 0.085565 0.013655
0.014122 0.820951 0.570817 1.374912
-0.113958 -0.565840 0.816607 1.402100
0.000000 0.000000 0.000000 1.000000
0.992480 -0.081448 0.091375 0.027224
0.014505 0.819481 0.572915 1.374992
-0.121542 -0.567289 0.814505 1.397480
0.000000 0.000000 0.000000 1.000000
0.991518 -0.086323 0.097168 0.040767
0.014867 0.818005 0.575012 1.375059
-0.129120 -0.568697 0.812354 1.392723
0.000000 0.000000 0.000000 1.000000
0.990497 -0.091209 0.102943 0.054283
0.015210 0.816522 0.577108 1.375108
-0.136691 -0.570064 0.810154 1.387834
0.000000 0.000000 0.000000 1.000000
0.989419 -0.096103 0.108699 0.067771
0.015534 0.815032 0.579201 1.375139
-0.144255 -0.571391 0.807905 1.382818
0.000000 0.000000 0.000000 1.000000
0.988283 -0.101006 0.114437 0.081231
0.015837 0.813535 0.581293 1.375157
-0.151811 -0.572676 0.805607 1.377677
0.000000 0.000000 0.000000 1.000000
0.987089 -0.105918 0.120155 0.094663
0.016121 0.812032 0.583383 1.375160
-0.159360 -0.573921 0.803260 1.372409
0.000000 0.000000 0.000000 1.000000
0.985838 -0.110838 0.125854 0.108066
0.016386 0.810522 0.585471 1.375146
-0.166899 -0.575124 0.800864 1.367027
0.000000 0.000000 0.000000 1.000000
0.984529 -0.115767 0.131534 0.121439
0.016631 0.809007 0.587557 1.375122
-0.174430 -0.576287 0.798420 1.361528
0.000000 0.000000 0.000000 1.000000
0.983163 -0.120702 0.137193 0.134783
0.016856 0.807485 0.589641 1.375083
-0.181951 -0.577408 0.795928 1.355917
0.000000 0.000000 0.000000 1.000000
0.981740 -0.125646 0.142831 0.148096
0.017061 0.805956 0.591722 1.375031
-0.189462 -0.578487 0.793388 1.350198
0.000000 0.000000 0.000000 1.000000
0.980259 -0.130596 0.148449 0.161379
0.017246 0.804422 0.593800 1.374968
-0.196962 -0.579525 0.790800 1.344374
0.000000 0.000000 0.000000 1.000000
0.978722 -0.135552 0.154045 0.174631
0.017412 0.802882 0.595876 1.374891
-0.204451 -0.580522 0.788163 1.338452
0.000000 0.000000 0.000000 1.000000
0.977127 -0.140516 0.159620 0.187851
0.017558 0.801336 0.597949 1.374803
-0.211929 -0.581477 0.785479 1.332429
0.000000 0.000000 0.000000 1.000000
0.975476 -0.145485 0.165173 0.201040
0.017684 0.799785 0.600019 1.374706
-0.219395 -0.582390 0.782748 1.326314
0.000000 0.000000 0.000000 1.000000
0.973768 -0.150460 0.170703 0.214196
0.017791 0.798228 0.602086 1.374597
-0.226848 -0.583262 0.779970 1.320105
0.000000 0.000000 0.000000 1.000000
0.972003 -0.155440 0.176211 0.227319
0.017877 0.796665 0.604150 1.374478
-0.234289 -0.584092 0.777144 1.313812
0.000000 0.000000 0.000000 1.000000
0.970181 -0.160425 0.181695 0.240409
0.017944 0.795097 0.606210 1.374352
-0.241716 -0.584880 0.774271 1.307435
0.000000 0.000000 0.000000 1.000000
0.968303 -0.165416 0.187156 0.253466
0.017991 0.793523 0.608267 1.374215
-0.249129 -0.585626 0.771352 1.300978
0.000000 0.000000 0.000000 1.000000
0.966369 -0.170410 0.192594 0.266488
0.018019 0.791945 0.610320 1.374072
-0.256527 -0.586331 0.768386 1.294443
0.000000 0.000000 0.000000 1.000000
0.964379 -0.175409 0.198007 0.279476
0.018026 0.790361 0.612369 1.373921
-0.263911 -0.586993 0.765373 1.287835
0.000000 0.000000 0.000000 1.000000
0.962332 -0.180412 0.203396 0.292429
0.018013 0.788772 0.614415 1.373760
-0.271279 -0.587614 0.762315 1.281157
0.000000 0.000000 0.000000 1.000000
0.960230 -0.185418 0.208760 0.305346
0.017981 0.787178 0.616456 1.373596
-0.278632 -0.588192 0.759211 1.274413
0.000000 0.000000 0.000000 1.000000
0.958071 -0.190427 0.214099 0.318228
0.017929 0.785580 0.618494 1.373424
-0.285968 -0.588729 0.756060 1.267609
0.000000 0.000000 0.000000 1.000000
0.955857 -0.195439 0.219412 0.331073
0.017858 0.783977 0.620527 1.373246
-0.293288 -0.589223 0.752864 1.260742
0.000000 0.000000 0.000000 1.000000
0.953588 -0.200453 0.224700 0.343882
0.017766 0.782369 0.622555 1.373060
-0.300590 -0.589676 0.749623 1.253822
0.000000 0.000000 0.000000 1.000000
0.951263 -0.205470 0.229961 0.356653
0.017655 0.780757 0.624579 1.372875
-0.307875 -0.590086 0.746337 1.246847
0.000000 0.000000 0.000000 1.000000
0.948883 -0.210489 0.235196 0.369386
0.017523 0.779140 0.626598 1.372683
-0.315141 -0.590454 0.743006 1.239826
0.000000 0.000000 0.000000 1.000000
0.946448 -0.215509 0.240403 0.382085
0.017373 0.777519 0.628613 1.372486
-0.322389 -0.590779 0.739630 1.232759
0.000000 0.000000 0.000000 1.000000
0.943958 -0.220530 0.245584 0.394740
0.017202 0.775894 0.630622 1.372287
-0.329617 -0.591063 0.736209 1.225647
0.000000 0.000000 0.000000 1.000000
0.941413 -0.225552 0.250737 0.407362
0.017011 0.774264 0.632627 1.372084
-0.336826 -0.591304 0.732744 1.218500
0.000000 0.000000 0.000000 1.000000
0.938814 -0.230575 0.255863 0.419941
0.016801 0.772631 0.634626 1.371881
-0.344015 -0.591503 0.729235 1.211318
0.000000 0.000000 0.000000 1.000000
0.936160 -0.235598 0.260960 0.432481
0.016571 0.770994 0.636620 1.371675
-0.351183 -0.591660 0.725682 1.204105
0.000000 0.000000 0.000000 1.000000
0.933452 -0.240621 0.266028 0.444980
0.016322 0.769353 0.638608 1.371468
-0.358331 -0.591774 0.722086 1.196864
0.000000 0.000000 0.000000 1.000000
0.930690 -0.245643 0.271068 0.457439
0.016052 0.767709 0.640591 1.371261
-0.365457 -0.591847 0.718446 1.189597
0.000000 0.000000 0.000000 1.000000
0.927874 -0.250665 0.276078 0.469858
0.015763 0.766061 0.642568 1.371055
-0.372561 -0.591876 0.714764 1.182310
0.000000 0.000000 0.000000 1.000000
0.925004 -0.255686 0.281059 0.482233
0.015455 0.764409 0.644539 1.370848
-0.379643 -0.591864 0.711038 1.175009
0.000000 0.000000 0.000000 1.000000
0.922081 -0.260705 0.286011 0.494568
0.015126 0.762754 0.646505 1.370642
-0.386702 -0.591809 0.707269 1.167691
0.000000 0.000000 0.000000 1.000000
0.919104 -0.265723 0.290932 0.506863
0.014778 0.761097 0.648464 1.370435
-0.393737 -0.591712 0.703458 1.160362
0.000000 0.000000 0.000000 1.000000
0.916074 -0.270738 0.295822 0.519113
0.014411 0.759435 0.650417 1.370232
-0.400749 -0.591573 0.699605 1.153029
0.000000 0.000000 0.000000 1.000000
0.912992 -0.275751 0.300682 0.531317
0.014024 0.757771 0.652363 1.370033
-0.407737 -0.591391 0.695710 1.145690
0.000000 0.000000 0.000000 1.000000
0.909856 -0.280762 0.305511 0.543480
0.013617 0.756104 0.654303 1.369833
-0.414700 -0.591168 0.691773 1.138354
0.000000 0.000000 0.000000 1.000000
0.906668 -0.285770 0.310308 0.555600
0.013191 0.754434 0.656237 1.369637
-0.421638 -0.590902 0.687795 1.131018
0.000000 0.000000 0.000000 1.000000
0.903428 -0.290774 0.315073 0.567675
0.012745 0.752762 0.658163 1.369448
-0.428551 -0.590593 0.683776 1.123693
0.000000 0.000000 0.000000 1.000000
0.900135 -0.295774 0.319807 0.579705
0.012280 0.751086 0.660083 1.369263
-0.435437 -0.590243 0.679716 1.116374
0.000000 0.000000 0.000000 1.000000
0.896791 -0.300771 0.324508 0.591689
0.011796 0.749409 0.661996 1.369081
-0.442297 -0.589850 0.675615 1.109073
0.000000 0.000000 0.000000 1.000000
0.893395 -0.305763 0.329177 0.603628
0.011292 0.747729 0.663902 1.368906
-0.449131 -0.589415 0.671474 1.101789
0.000000 0.000000 0.000000 1.000000
0.889947 -0.310751 0.333812 0.615520
0.010768 0.746047 0.665800 1.368734
-0.455937 -0.588938 0.667292 1.094523
0.000000 0.000000 0.000000 1.000000
0.886448 -0.315734 0.338415 0.627364
0.010225 0.744362 0.667692 1.368570
-0.462715 -0.588419 0.663071 1.087286
0.000000 0.000000 0.000000 1.000000
0.882898 -0.320711 0.342984 0.639163
0.009663 0.742676 0.669575 1.368412
-0.469465 -0.587858 0.658810 1.080076
0.000000 0.000000 0.000000 1.000000
0.879297 -0.325683 0.347519 0.650916
0.009082 0.740987 0.671451 1.368265
-0.476187 -0.587255 0.654510 1.072897
0.000000 0.000000 0.000000 1.000000
0.875646 -0.330649 0.352020 0.662620
0.008482 0.739297 0.673320 1.368122
-0.482879 -0.586610 0.650171 1.065750
0.000000 0.000000 0.000000 1.000000
0.871944 -0.335609 0.356487 0.674275
0.007862 0.737605 0.675180 1.367989
-0.489542 -0.585923 0.645793 1.058645
0.000000 0.000000 0.000000 1.000000
0.868192 -0.340562 0.360918 0.685881
0.007223 0.735912 0.677033 1.367867
-0.496175 -0.585194 0.641377 1.051582
0.000000 0.000000 0.000000 1.000000
0.864391 -0.345509 0.365315 0.697438
0.006565 0.734217 0.678877 1.367751
-0.502778 -0.584423 0.636922 1.044564
0.000000 0.000000 0.000000 1.000000
0.860539 -0.350448 0.369677 0.708946
0.005888 0.732520 0.680714 1.367646
-0.509350 -0.583610 0.632430 1.037596
0.000000 0.000000 0.000000 1.000000
0.856639 -0.355380 0.374003 0.720401
0.005192 0.730822 0.682542 1.367551
-0.515891 -0.582755 0.627900 1.030680
0.000000 0.000000 0.000000 1.000000
0.852689 -0.360304 0.378293 0.731808
0.004477 0.729123 0.684361 1.367467
-0.522400 -0.581859 0.623333 1.023820
0.000000 0.000000 0.000000 1.000000
0.848690 -0.365220 0.382548 0.743166
0.003743 0.727424 0.686172 1.367398
-0.528877 -0.580921 0.618728 1.017020
0.000000 0.000000 0.000000 1.000000
0.844643 -0.370127 0.386765 0.754467
0.002990 0.725723 0.687975 1.367334
-0.535322 -0.579942 0.614087 1.010282
0.000000 0.000000 0.000000 1.000000
0.840548 -0.375026 0.390946 0.765719
0.002219 0.724021 0.689768 1.367289
-0.541733 -0.578921 0.609410 1.003611
0.000000 0.000000 0.000000 1.000000
0.836404 -0.379915 0.395091 0.776923
0.001428 0.722318 0.691553 1.367254
-0.548112 -0.577859 0.604696 0.997010
0.000000 0.000000 0.000000 1.000000
0.832212 -0.384796 0.399198 0.788070
0.000619 0.720615 0.693329 1.367233
-0.554457 -0.576755 0.599947 0.990483
0.000000 0.000000 0.000000 1.000000
0.829037 -0.388449 0.402254 0.799148
-0.000000 0.719338 0.694654 1.367226
-0.559193 -0.575900 0.596362 0.984039
0.000000 0.000000 0.000000 1.000000
0.827240 -0.389196 0.405220 0.812140
-0.000234 0.720979 0.692950 1.367226
-0.561848 -0.573337 0.596336 0.976535
0.000000 0.000000 0.000000 1.000000
0.825435 -0.389933 0.408184 0.825142
-0.000461 0.722617 0.691242 1.367226
-0.564497 -0.570768 0.596297 0.969059
0.000000 0.000000 0.000000 1.000000
0.823620 -0.390658 0.411145 0.838163
-0.000680 0.724252 0.689529 1.367226
-0.567142 -0.568195 0.596246 0.961608
0.000000 0.000000 0.000000 1.000000
0.821797 -0.391373 0.414103 0.851186
-0.000892 0.725882 0.687812 1.367226
-0.569780 -0.565616 0.596182 0.954180
0.000000 0.000000 0.000000 1.000000
0.819964 -0.392077 0.417058 0.864216
-0.001096 0.727509 0.686090 1.367226
-0.572413 -0.563032 0.596106 0.946774
0.000000 0.000000 0.000000 1.000000
0.818124 -0.392771 0.420011 0.877247
-0.001293 0.729133 0.684364 1.367229
-0.575041 -0.560443 0.596017 0.939382
0.000000 0.000000 0.000000 1.000000
0.816274 -0.393453 0.422960 0.890277
-0.001481 0.730753 0.682634 1.367229
-0.577663 -0.557848 0.595915 0.932008
0.000000 0.000000 0.000000 1.000000
0.814416 -0.394125 0.425907 0.903301
-0.001663 0.732369 0.680900 1.367229
-0.580280 -0.555249 0.595801 0.924644
0.000000 0.000000 0.000000 1.000000
0.812549 -0.394786 0.428850 0.916314
-0.001836 0.733981 0.679161 1.367229
-0.582890 -0.552644 0.595674 0.917287
0.000000 0.000000 0.000000 1.000000
0.810673 -0.395436 0.431791 0.929313
-0.002002 0.735590 0.677418 1.367233
-0.585495 -0.550034 0.595535 0.909937
0.000000 0.000000 0.000000 1.000000
0.808789 -0.396076 0.434728 0.942294
-0.002161 0.737195 0.675671 1.367233
-0.588095 -0.547420 0.595383 0.902591
0.000000 0.000000 0.000000 1.000000
0.806896 -0.396704 0.437662 0.955255
-0.002312 0.738796 0.673919 1.367233
-0.590689 -0.544800 0.595218 0.895244
0.000000 0.000000 0.000000 1.000000
0.804995 -0.397322 0.440593 0.968194
-0.002455 0.740393 0.672164 1.367236
-0.593276 -0.542175 0.595041 0.887897
0.000000 0.000000 0.000000 1.000000
0.803085 -0.397929 0.443521 0.981102
-0.002590 0.741986 0.670404 1.367236
-0.595858 -0.539546 0.594851 0.880544
0.000000 0.000000 0.000000 1.000000
0.801167 -0.398525 0.446445 0.993979
-0.002718 0.743575 0.668640 1.367240
-0.598434 -0.536911 0.594648 0.873180
0.000000 0.000000 0.000000 1.000000
0.799241 -0.399110 0.449367 1.006821
-0.002838 0.745161 0.666873 1.367240
-0.601005 -0.534272 0.594433 0.865809
0.000000 0.000000 0.000000 1.000000
0.797306 -0.399684 0.452284 1.019623
-0.002951 0.746742 0.665101 1.367244
-0.603569 -0.531628 0.594206 0.858424
0.000000 0.000000 0.000000 1.000000
0.795362 -0.400248 0.455198 1.032385
-0.003056 0.748320 0.663325 1.367244
-0.606127 -0.528980 0.593965 0.851021
0.000000 0.000000 0.000000 1.000000
0.793410 -0.400800 0.458109 1.045100
-0.003154 0.749893 0.661545 1.367244
-0.608679 -0.526327 0.593712 0.843598
0.000000 0.000000 0.000000 1.000000
0.791450 -0.401342 0.461016 1.057763
-0.003243 0.751462 0.659761 1.367247
-0.611225 -0.523669 0.593447 0.836157
0.000000 0.000000 0.000000 1.000000
0.789482 -0.401872 0.463920 1.070373
-0.003325 0.753028 0.657974 1.367247
-0.613765 -0.521006 0.593169 0.828688
0.000000 0.000000 0.000000 1.000000
0.787505 -0.402392 0.466820 1.082928
-0.003400 0.754589 0.656182 1.367250
-0.616298 -0.518339 0.592878 0.821195
0.000000 0.000000 0.000000 1.000000
0.785520 -0.402901 0.469716 1.095420
-0.003467 0.756147 0.654386 1.367250
-0.618826 -0.515668 0.592575 0.813666
0.000000 0.000000 0.000000 1.000000
0.783528 -0.403399 0.472608 1.107848
-0.003526 0.757700 0.652587 1.367254
-0.621347 -0.512992 0.592260 0.806109
0.000000 0.000000 0.000000 1.000000
0.781526 -0.403886 0.475497 1.120206
-0.003578 0.759249 0.650784 1.367254
-0.623862 -0.510311 0.591931 0.798514
0.000000 0.000000 0.000000 1.000000
0.779517 -0.404362 0.478382 1.132495
-0.003622 0.760794 0.648977 1.367257
-0.626371 -0.507626 0.591590 0.790881
0.000000 0.000000 0.000000 1.000000
0.777500 -0.404827 0.481263 1.144710
-0.003658 0.762334 0.647167 1.367257
-0.628873 -0.504937 0.591237 0.783206
0.000000 0.000000 0.000000 1.000000
0.775474 -0.405281 0.484140 1.156841
-0.003686 0.763871 0.645352 1.367257
-0.631368 -0.502244 0.590871 0.775488
0.000000 0.000000 0.000000 1.000000
0.773441 -0.405724 0.487014 1.168891
-0.003707 0.765403 0.643534 1.367261
-0.633858 -0.499546 0.590493 0.767721
0.000000 0.000000 0.000000 1.000000
0.771399 -0.406156 0.489883 1.180858
-0.003721 0.766931 0.641712 1.367261
-0.636340 -0.496845 0.590102 0.759906
0.000000 0.000000 0.000000 1.000000
0.769350 -0.406577 0.492748 1.192734
-0.003727 0.768454 0.639887 1.367265
-0.638817 -0.494139 0.589698 0.752038
0.000000 0.000000 0.000000 1.000000
0.767292 -0.406988 0.495609 1.204515
-0.003725 0.769973 0.638058 1.367265
-0.641286 -0.491428 0.589282 0.744114
0.000000 0.000000 0.000000 1.000000
0.765227 -0.407387 0.498466 1.216197
-0.003715 0.771488 0.636226 1.367265
-0.643749 -0.488714 0.588853 0.736134
0.000000 0.000000 0.000000 1.000000
0.763154 -0.407775 0.501319 1.227779
-0.003698 0.772999 0.634390 1.367268
-0.646206 -0.485996 0.588413 0.728091
0.000000 0.000000 0.000000 1.000000
0.761073 -0.408152 0.504167 1.239259
-0.003673 0.774505 0.632550 1.367268
-0.648656 -0.483274 0.587959 0.719985
0.000000 0.000000 0.000000 1.000000
0.758985 -0.408518 0.507012 1.250627
-0.003641 0.776007 0.630707 1.367268
-0.651099 -0.480548 0.587493 0.711812
0.000000 0.000000 0.000000 1.000000
0.756888 -0.408873 0.509851 1.261886
-0.003600 0.777504 0.628861 1.367268
-0.653535 -0.477818 0.587014 0.703570
0.000000 0.000000 0.000000 1.000000
0.754784 -0.409217 0.512687 1.273027
-0.003553 0.778997 0.627011 1.367268
-0.655964 -0.475084 0.586523 0.695254
0.000000 0.000000 0.000000 1.000000
0.752672 -0.409550 0.515518 1.284052
-0.003497 0.780486 0.625157 1.367272
-0.658387 -0.472346 0.586020 0.686864
0.000000 0.000000 0.000000 1.000000
0.750552 -0.409872 0.518345 1.294955
-0.003434 0.781969 0.623301 1.367272
-0.660802 -0.469605 0.585504 0.678398
0.000000 0.000000 0.000000 1.000000
0.748425 -0.410183 0.521167 1.305727
-0.003364 0.783449 0.621441 1.367272
-0.663211 -0.466860 0.584976 0.669851
0.000000 0.000000 0.000000 1.000000
0.746290 -0.410483 0.523985 1.316371
-0.003285 0.784923 0.619577 1.367272
-0.665613 -0.464111 0.584435 0.661220
0.000000 0.000000 0.000000 1.000000
0.744148 -0.410772 0.526798 1.326882
-0.003199 0.786394 0.617711 1.367272
-0.668007 -0.461358 0.583881 0.652505
0.000000 0.000000 0.000000 1.000000
0.741998 -0.411050 0.529606 1.337255
-0.003106 0.787859 0.615841 1.367272
-0.670395 -0.458602 0.583316 0.643699
0.000000 0.000000 0.000000 1.000000
0.739840 -0.411316 0.532410 1.347486
-0.003005 0.789320 0.613968 1.367268
-0.672776 -0.455843 0.582738 0.634802
0.000000 0.000000 0.000000 1.000000
0.737675 -0.411572 0.535209 1.357573
-0.002896 0.790776 0.612091 1.367268
-0.675149 -0.453080 0.582147 0.625814
0.000000 0.000000 0.000000 1.000000
0.735503 -0.411816 0.538003 1.367513
-0.002779 0.792228 0.610212 1.367268
-0.677516 -0.450313 0.581544 0.616724
0.000000 0.000000 0.000000 1.000000
0.733324 -0.412050 0.540793 1.377302
-0.002655 0.793675 0.608329 1.367268
-0.679875 -0.447543 0.580929 0.607537
0.000000 0.000000 0.000000 1.000000
0.731136 -0.412272 0.543577 1.386931
-0.002523 0.795117 0.606444 1.367265
-0.682226 -0.444770 0.580301 0.598244
0.000000 0.000000 0.000000 1.000000
0.728942 -0.412484 0.546357 1.396405
-0.002384 0.796555 0.604555 1.367265
-0.684571 -0.441993 0.579661 0.588850
0.000000 0.000000 0.000000 1.000000
0.726740 -0.412684 0.549132 1.405715
-0.002237 0.797987 0.602663 1.367261
-0.686909 -0.439213 0.579009 0.579345
0.000000 0.000000 0.000000 1.000000
0.724531 -0.412873 0.551902 1.414858
-0.002082 0.799415 0.600768 1.367261
-0.689238 -0.436430 0.578344 0.569730
0.000000 0.000000 0.000000 1.000000
0.722315 -0.413051 0.554666 1.423831
-0.001920 0.800838 0.598870 1.367257
-0.691561 -0.433643 0.577667 0.560000
0.000000 0.000000 0.000000 1.000000
0.720092 -0.413218 0.557426 1.432630
-0.001750 0.802257 0.596970 1.367257
-0.693876 -0.430854 0.576978 0.550151
0.000000 0.000000 0.000000 1.000000
0.717862 -0.413374 0.560181 1.441251
-0.001573 0.803670 0.595066 1.367254
-0.696184 -0.428061 0.576276 0.540187
0.000000 0.000000 0.000000 1.000000
0.715624 -0.413519 0.562930 1.449693
-0.001388 0.805079 0.593159 1.367250
-0.698484 -0.425266 0.575562 0.530100
0.000000 0.000000 0.000000 1.000000
0.713379 -0.413652 0.565674 1.457949
-0.001195 0.806482 0.591250 1.367247
-0.700777 -0.422467 0.574836 0.519886
0.000000 0.000000 0.000000 1.000000
0.711128 -0.413775 0.568413 1.466017
-0.000995 0.807881 0.589338 1.367244
-0.703062 -0.419665 0.574097 0.509544
0.000000 0.000000 0.000000 1.000000
0.708869 -0.413886 0.571147 1.473892
-0.000787 0.809275 0.587423 1.367240
-0.705340 -0.416860 0.573346 0.499072
0.000000 0.000000 0.000000 1.000000
0.706603 -0.413986 0.573875 1.481571
-0.000572 0.810664 0.585505 1.367236
-0.707610 -0.414053 0.572583 0.488467
0.000000 0.000000 0.000000 1.000000
0.704331 -0.414076 0.576598 1.489050
-0.000349 0.812047 0.583584 1.367233
-0.709872 -0.411243 0.571808 0.477726
0.000000 0.000000 0.000000 1.000000
0.702051 -0.414154 0.579315 1.496330
-0.000118 0.813426 0.581661 1.367229
-0.712126 -0.408429 0.571020 0.466848
0.000000 0.000000 0.000000 1.000000
0.699288 -0.415723 0.581529 1.501654
0.000238 0.813638 0.581365 1.367226
-0.714840 -0.406408 0.569069 0.458587
0.000000 0.000000 0.000000 1.000000
0.692768 -0.421842 0.584917 1.508570
0.001169 0.811726 0.584030 1.367219
-0.721160 -0.403918 0.562833 0.447412
0.000000 0.000000 0.000000 1.000000
0.686187 -0.427933 0.588240 1.515283
0.002072 0.809800 0.586695 1.367212
-0.727422 -0.401369 0.556563 0.436044
0.000000 0.000000 0.000000 1.000000
0.679548 -0.433995 0.591498 1.521793
0.002944 0.807860 0.589360 1.367208
-0.733625 -0.398762 0.550259 0.424484
0.000000 0.000000 0.000000 1.000000
0.672849 -0.440026 0.594690 1.528104
0.003786 0.805905 0.592025 1.367201
-0.739770 -0.396097 0.543921 0.412744
0.000000 0.000000 0.000000 1.000000
0.666093 -0.446028 0.597817 1.534222
0.004598 0.803938 0.594688 1.367195
-0.745854 -0.393374 0.537551 0.400824
0.000000 0.000000 0.000000 1.000000
0.659280 -0.451998 0.600878 1.540147
0.005380 0.801956 0.597351 1.367188
-0.751879 -0.390594 0.531147 0.388731
0.000000 0.000000 0.000000 1.000000
0.652409 -0.457937 0.603872 1.545887
0.006131 0.799961 0.600013 1.367180
-0.757842 -0.387756 0.524713 0.376474
0.000000 0.000000 0.000000 1.000000
0.645483 -0.463844 0.606800 1.551445
0.006853 0.797954 0.602673 1.367170
-0.763744 -0.384861 0.518246 0.364053
0.000000 0.000000 0.000000 1.000000
0.638501 -0.469719 0.609661 1.556821
0.007544 0.795933 0.605331 1.367163
-0.769584 -0.381910 0.511750 0.351477
0.000000 0.000000 0.000000 1.000000
0.631465 -0.475560 0.612455 1.562022
0.008204 0.793899 0.607987 1.367153
-0.775361 -0.378902 0.505223 0.338752
0.000000 0.000000 0.000000 1.000000
0.624374 -0.481368 0.615182 1.567052
0.008834 0.791853 0.610641 1.367146
-0.781076 -0.375838 0.498667 0.325882
0.000000 0.000000 0.000000 1.000000
0.617230 -0.487141 0.617841 1.571913
0.009434 0.789794 0.613292 1.367135
-0.786726 -0.372718 0.492082 0.312873
0.000000 0.000000 0.000000 1.000000
0.610033 -0.492880 0.620432 1.576610
0.010003 0.787723 0.615941 1.367124
-0.792313 -0.369542 0.485469 0.299732
0.000000 0.000000 0.000000 1.000000
0.602784 -0.498583 0.622955 1.581146
0.010541 0.785640 0.618586 1.367118
-0.797835 -0.366312 0.478829 0.286462
0.000000 0.000000 0.000000 1.000000
0.595484 -0.504250 0.625410 1.585524
0.011049 0.783546 0.621229 1.367107
-0.803292 -0.363026 0.472162 0.273071
0.000000 0.000000 0.000000 1.000000
0.588132 -0.509881 0.627796 1.589749
0.011526 0.781439 0.623868 1.367096
-0.808682 -0.359685 0.465469 0.259564
0.000000 0.000000 0.000000 1.000000
0.580731 -0.515475 0.630114 1.593827
0.011972 0.779322 0.626503 1.367086
-0.814007 -0.356291 0.458750 0.245946
0.000000 0.000000 0.000000 1.000000
0.573281 -0.521032 0.632362 1.597757
0.012387 0.777193 0.629134 1.367072
-0.819265 -0.352842 0.452006 0.232222
0.000000 0.000000 0.000000 1.000000
0.565782 -0.526551 0.634541 1.601544
0.012771 0.775053 0.631761 1.367061
-0.824456 -0.349339 0.445237 0.218399
0.000000 0.000000 0.000000 1.000000
0.558235 -0.532031 0.636651 1.605191
0.013124 0.772902 0.634383 1.367051
-0.829579 -0.345783 0.438445 0.204482
0.000000 0.000000 0.000000 1.000000
0.550641 -0.537472 0.638691 1.608705
0.013447 0.770740 0.637000 1.367040
-0.834634 -0.342174 0.431630 0.190477
0.000000 0.000000 0.000000 1.000000
0.543000 -0.542874 0.640661 1.612089
0.013738 0.768568 0.639613 1.367030
-0.839620 -0.338512 0.424792 0.176388
0.000000 0.000000 0.000000 1.000000
0.535313 -0.548235 0.642561 1.615345
0.013999 0.766386 0.642220 1.367016
-0.844537 -0.334798 0.417933 0.162223
0.000000 0.000000 0.000000 1.000000
0.527582 -0.553557 0.644391 1.618477
0.014228 0.764195 0.644822 1.367005
-0.849385 -0.331032 0.411053 0.147986
0.000000 0.000000 0.000000 1.000000
0.519806 -0.558837 0.646151 1.621490
0.014426 0.761992 0.647418 1.366992
-0.854162 -0.327214 0.404152 0.133683
0.000000 0.000000 0.000000 1.000000
0.511986 -0.564075 0.647840 1.624388
0.014593 0.759781 0.650008 1.366981
-0.858870 -0.323345 0.397231 0.119319
0.000000 0.000000 0.000000 1.000000
0.504124 -0.569272 0.649458 1.627171
0.014730 0.757560 0.652592 1.366971
-0.863506 -0.319425 0.390291 0.104901
0.000000 0.000000 0.000000 1.000000
0.496220 -0.574426 0.651006 1.629845
0.014835 0.755330 0.655170 1.366956
-0.868070 -0.315454 0.383333 0.090433
0.000000 0.000000 0.000000 1.000000
0.488274 -0.579537 0.652483 1.632418
0.014909 0.753091 0.657740 1.366946
-0.872563 -0.311433 0.376356 0.075922
0.000000 0.000000 0.000000 1.000000
0.480287 -0.584605 0.653888 1.634885
0.014951 0.750843 0.660304 1.366932
-0.876984 -0.307363 0.369363 0.061373
0.000000 0.000000 0.000000 1.000000
0.472261 -0.589628 0.655222 1.637258
0.014963 0.748587 0.662861 1.366921
-0.881332 -0.303242 0.362352 0.046791
0.000000 0.000000 0.000000 1.000000
0.464195 -0.594607 0.656485 1.639536
0.014944 0.746323 0.665410 1.366907
-0.885607 -0.299073 0.355326 0.032182
0.000000 0.000000 0.000000 1.000000
0.456091 -0.599542 0.657676 1.641724
0.014893 0.744050 0.667951 1.366897
-0.889808 -0.294855 0.348285 0.017553
0.000000 0.000000 0.000000 1.000000
0.447950 -0.604431 0.658796 1.643824
0.014811 0.741769 0.670485 1.366883
-0.893936 -0.290589 0.341229 0.002907
0.000000 0.000000 0.000000 1.000000
0.439771 -0.609274 0.659844 1.645844
0.014698 0.739481 0.673011 1.366872
-0.897989 -0.286275 0.334159 -0.011748
0.000000 0.000000 0.000000 1.000000
0.431557 -0.614071 0.660820 1.647783
0.014555 0.737185 0.675528 1.366858
-0.901968 -0.281914 0.327076 -0.026408
0.000000 0.000000 0.000000 1.000000
0.423307 -0.618821 0.661725 1.649648
0.014380 0.734882 0.678036 1.366848
-0.905872 -0.277505 0.319980 -0.041067
0.000000 0.000000 0.000000 1.000000
0.415023 -0.623524 0.662557 1.651440
0.014174 0.732572 0.680536 1.366838
-0.909700 -0.273050 0.312873 -0.055720
0.000000 0.000000 0.000000 1.000000
0.406705 -0.628180 0.663317 1.653165
0.013936 0.730255 0.683026 1.366823
-0.913453 -0.268549 0.305754 -0.070359
0.000000 0.000000 0.000000 1.000000
0.398354 -0.632787 0.664005 1.654828
0.013668 0.727931 0.685508 1.366813
-0.917130 -0.264002 0.298624 -0.084981
0.000000 0.000000 0.000000 1.000000
0.389971 -0.637346 0.664621 1.656431
0.013369 0.725601 0.687979 1.366802
-0.920730 -0.259409 0.291485 -0.099580
0.000000 0.000000 0.000000 1.000000
0.381556 -0.641856 0.665165 1.657974
0.013039 0.723265 0.690441 1.366788
-0.924254 -0.254772 0.284336 -0.114149
0.000000 0.000000 0.000000 1.000000
0.373111 -0.646317 0.665636 1.659466
0.012678 0.720923 0.692893 1.366778
-0.927700 -0.250090 0.277179 -0.128684
0.000000 0.000000 0.000000 1.000000
0.364636 -0.650728 0.666035 1.660908
0.012286 0.718575 0.695334 1.366768
-0.931069 -0.245364 0.270014 -0.143179
0.000000 0.000000 0.000000 1.000000
0.356132 -0.655089 0.666361 1.662304
0.011863 0.716222 0.697766 1.366757
-0.934360 -0.240594 0.262842 -0.157627
0.000000 0.000000 0.000000 1.000000
0.347600 -0.659399 0.666615 1.663662
0.011409 0.713863 0.700186 1.366746
-0.937573 -0.235782 0.255663 -0.172024
0.000000 0.000000 0.000000 1.000000
0.339041 -0.663658 0.666797 1.664978
0.010925 0.711499 0.702595 1.366736
-0.940708 -0.230926 0.248478 -0.186364
0.000000 0.000000 0.000000 1.000000
0.330454 -0.667866 0.666906 1.666262
0.010410 0.709131 0.704994 1.366726
-0.943765 -0.226028 0.241288 -0.200642
0.000000 0.000000 0.000000 1.000000
0.321843 -0.672022 0.666943 1.667515
0.009864 0.706757 0.707381 1.366719
-0.946742 -0.221089 0.234094 -0.214851
0.000000 0.000000 0.000000 1.000000
0.313206 -0.676126 0.666907 1.668740
0.009287 0.704380 0.709756 1.366708
-0.949640 -0.216108 0.226895 -0.228986
0.000000 0.000000 0.000000 1.000000
0.304544 -0.680177 0.666799 1.669944
0.008680 0.701998 0.712119 1.366697
-0.952459 -0.211086 0.219694 -0.243042
0.000000 0.000000 0.000000 1.000000
0.295860 -0.684176 0.666618 1.671128
0.008042 0.699612 0.714471 1.366691
-0.955197 -0.206024 0.212490 -0.257013
0.000000 0.000000 0.000000 1.000000
0.287153 -0.688121 0.666365 1.672296
0.007374 0.697223 0.716810 1.366680
-0.957856 -0.200922 0.205284 -0.270893
0.000000 0.000000 0.000000 1.000000
0.278424 -0.692012 0.666039 1.673452
0.006675 0.694830 0.719137 1.366673
-0.960435 -0.195781 0.198077 -0.284677
0.000000 0.000000 0.000000 1.000000
0.269675 -0.695850 0.665641 1.674600
0.005946 0.692434 0.721451 1.366666
-0.962933 -0.190601 0.190870 -0.298359
0.000000 0.000000 0.000000 1.000000
0.260905 -0.699633 0.665170 1.675744
0.005187 0.690035 0.723751 1.366659
-0.965351 -0.185382 0.183663 -0.311934
0.000000 0.000000 0.000000 1.000000
0.252116 -0.703361 0.664628 1.676885
0.004398 0.687633 0.726039 1.366652
-0.967687 -0.180125 0.176456 -0.325396
0.000000 0.000000 0.000000 1.000000
0.243309 -0.707034 0.664013 1.678033
0.003578 0.685228 0.728314 1.366645
-0.969942 -0.174831 0.169252 -0.338739
0.000000 0.000000 0.000000 1.000000
0.234483 -0.710652 0.663326 1.679184
0.002728 0.682821 0.730575 1.366638
-0.972116 -0.169499 0.162049 -0.351956
0.000000 0.000000 0.000000 1.000000
0.225642 -0.714213 0.662566 1.680346
0.001849 0.680412 0.732822 1.366631
-0.974208 -0.164132 0.154850 -0.365046
0.000000 0.000000 0.000000 1.000000
0.216784 -0.717719 0.661735 1.681526
0.000939 0.678000 0.735055 1.366627
-0.976219 -0.158728 0.147654 -0.378000
0.000000 0.000000 0.000000 1.000000
0.207911 -0.721168 0.660831 1.682719
-0.000000 0.675588 0.737274 1.366624
-0.978148 -0.153289 0.140462 -0.390813
0.000000 0.000000 0.000000 1.000000
0.201515 -0.720571 0.663460 1.684064
-0.000449 0.677280 0.735719 1.366617
-0.979485 -0.148558 0.136158 -0.405251
0.000000 0.000000 0.000000 1.000000
0.192971 -0.719719 0.666915 1.685372
-0.001025 0.679535 0.733636 1.366614
-0.981204 -0.142256 0.130393 -0.420354
0.000000 0.000000 0.000000 1.000000
0.184411 -0.718806 0.670314 1.686584
-0.001574 0.681787 0.731543 1.366610
-0.982848 -0.135961 0.124597 -0.435554
0.000000 0.000000 0.000000 1.000000
0.175836 -0.717830 0.673655 1.687703
-0.002097 0.684035 0.729440 1.366603
-0.984417 -0.129675 0.118773 -0.450842
0.000000 0.000000 0.000000 1.000000
0.167245 -0.716793 0.676938 1.688733
-0.002592 0.686280 0.727326 1.366603
-0.985912 -0.123398 0.112919 -0.466204
0.000000 0.000000 0.000000 1.000000
0.158640 -0.715695 0.680164 1.689670
-0.003060 0.688521 0.725203 1.366600
-0.987332 -0.117129 0.107037 -0.481628
0.000000 0.000000 0.000000 1.000000
0.150022 -0.714535 0.683332 1.690517
-0.003502 0.690759 0.723070 1.366596
-0.988676 -0.110871 0.101127 -0.497108
0.000000 0.000000 0.000000 1.000000
0.141391 -0.713313 0.686442 1.691280
-0.003916 0.692993 0.720927 1.366593
-0.989946 -0.104622 0.095189 -0.512634
0.000000 0.000000 0.000000 1.000000
0.132748 -0.712030 0.689493 1.691956
-0.004304 0.695222 0.718775 1.366593
-0.991140 -0.098385 0.089225 -0.528188
0.000000 0.000000 0.000000 1.000000
0.124094 -0.710685 0.692486 1.692544
-0.004664 0.697447 0.716614 1.366589
-0.992259 -0.092159 0.083234 -0.543770
0.000000 0.000000 0.000000 1.000000
0.115430 -0.709280 0.695419 1.693051
-0.004998 0.699668 0.714444 1.366589
-0.993303 -0.085945 0.077217 -0.559359
0.000000 0.000000 0.000000 1.000000
0.106755 -0.707814 0.698293 1.693478
-0.005304 0.701884 0.712265 1.366589
-0.994271 -0.079743 0.071175 -0.574955
0.000000 0.000000 0.000000 1.000000
0.098072 -0.706286 0.701107 1.693821
-0.005583 0.704095 0.710077 1.366585
-0.995164 -0.073554 0.065108 -0.590537
0.000000 0.000000 0.000000 1.000000
0.089380 -0.704698 0.703862 1.694084
-0.005835 0.706301 0.707881 1.366585
-0.995981 -0.067378 0.059016 -0.606102
0.000000 0.000000 0.000000 1.000000
0.080681 -0.703049 0.706556 1.694273
-0.006060 0.708501 0.705677 1.366585
-0.996722 -0.061217 0.052901 -0.621635
0.000000 0.000000 0.000000 1.000000
0.071975 -0.701340 0.709190 1.694382
-0.006258 0.710696 0.703465 1.366585
-0.997387 -0.055070 0.046763 -0.637126
0.000000 0.000000 0.000000 1.000000
0.063263 -0.699571 0.711764 1.694416
-0.006428 0.712886 0.701244 1.366585
-0.997976 -0.048938 0.040601 -0.652568
0.000000 0.000000 0.000000 1.000000
0.054545 -0.697741 0.714277 1.694375
-0.006571 0.715069 0.699016 1.366589
-0.998490 -0.042822 0.034418 -0.667947
0.000000 0.000000 0.000000 1.000000
0.045823 -0.695851 0.716729 1.694263
-0.006687 0.717247 0.696781 1.366589
-0.998927 -0.036722 0.028213 -0.683253
0.000000 0.000000 0.000000 1.000000
0.037098 -0.693902 0.719120 1.694080
-0.006776 0.719418 0.694538 1.366589
-0.999289 -0.030639 0.021986 -0.698478
0.000000 0.000000 0.000000 1.000000
0.028369 -0.691892 0.721450 1.693825
-0.006837 0.721582 0.692288 1.366589
-0.999574 -0.024572 0.015739 -0.713605
0.000000 0.000000 0.000000 1.000000
0.019638 -0.689824 0.723718 1.693503
-0.006871 0.723740 0.690031 1.366589
-0.999783 -0.018524 0.009472 -0.728630
0.000000 0.000000 0.000000 1.000000
0.010905 -0.687695 0.725924 1.693115
-0.006878 0.725892 0.687768 1.366593
-0.999917 -0.012493 0.003185 -0.743540
0.000000 0.000000 0.000000 1.000000
0.002172 -0.685508 0.728068 1.692659
-0.006857 0.728036 0.685498 1.366593
-0.999974 -0.006482 -0.003121 -0.758324
0.000000 0.000000 0.000000 1.000000
-0.006562 -0.683262 0.730150 1.692138
-0.006810 0.730173 0.683221 1.366596
-0.999955 -0.000489 -0.009445 -0.772971
0.000000 0.000000 0.000000 1.000000
-0.015294 -0.680957 0.732170 1.691557
-0.006735 0.732303 0.680939 1.366596
-0.999860 0.005484 -0.015788 -0.787472
0.000000 0.000000 0.000000 1.000000
-0.024026 -0.678593 0.734128 1.690910
-0.006632 0.734425 0.678650 1.366600
-0.999689 0.011436 -0.022147 -0.801815
0.000000 0.000000 0.000000 1.000000
-0.032755 -0.676171 0.736023 1.690206
-0.006503 0.736540 0.676356 1.366600
-0.999442 0.017368 -0.028524 -0.815990
0.000000 0.000000 0.000000 1.000000
-0.041481 -0.673691 0.737855 1.689440
-0.006346 0.738647 0.674056 1.366603
-0.999119 0.023278 -0.034917 -0.829987
0.000000 0.000000 0.000000 1.000000
-0.050204 -0.671152 0.739624 1.688617
-0.006162 0.740745 0.671751 1.366603
-0.998720 0.029167 -0.041326 -0.843794
0.000000 0.000000 0.000000 1.000000
-0.058922 -0.668556 0.741330 1.687739
-0.005951 0.742836 0.669440 1.366606
-0.998245 0.035033 -0.047750 -0.857402
0.000000 0.000000 0.000000 1.000000
-0.067635 -0.665903 0.742972 1.686807
-0.005713 0.744918 0.667125 1.366606
-0.997694 0.040877 -0.054188 -0.870800
0.000000 0.000000 0.000000 1.000000
-0.076342 -0.663192 0.744552 1.685820
-0.005447 0.746991 0.664805 1.366610
-0.997067 0.046697 -0.060641 -0.883977
0.000000 0.000000 0.000000 1.000000
-0.085042 -0.660424 0.746067 1.684781
-0.005154 0.749055 0.662480 1.366610
-0.996364 0.052494 -0.067107 -0.896924
0.000000 0.000000 0.000000 1.000000
-0.093735 -0.657600 0.747519 1.683689
-0.004835 0.751111 0.660151 1.366614
-0.995585 0.058266 -0.073587 -0.909629
0.000000 0.000000 0.000000 1.000000
-0.102420 -0.654719 0.748908 1.682548
-0.004488 0.753158 0.657818 1.366614
-0.994731 0.064014 -0.080079 -0.922078
0.000000 0.000000 0.000000 1.000000
-0.111096 -0.651781 0.750232 1.681362
-0.004114 0.755194 0.655481 1.366614
-0.993801 0.069736 -0.086582 -0.934269
0.000000 0.000000 0.000000 1.000000
-0.119762 -0.648787 0.751493 1.680126
-0.003713 0.757222 0.653140 1.366617
-0.992796 0.075432 -0.093097 -0.946183
0.000000 0.000000 0.000000 1.000000
-0.128418 -0.645738 0.752689 1.678845
-0.003285 0.759240 0.650796 1.366617
-0.991715 0.081102 -0.099623 -0.957813
0.000000 0.000000 0.000000 1.000000
-0.137063 -0.642633 0.753821 1.677518
-0.002830 0.761248 0.648448 1.366617
-0.990558 0.086746 -0.106160 -0.969146
0.000000 0.000000 0.000000 1.000000
-0.145696 -0.639472 0.754889 1.676150
-0.002348 0.763246 0.646096 1.366620
-0.989327 0.092362 -0.112705 -0.980178
0.000000 0.000000 0.000000 1.000000
-0.154316 -0.636257 0.755892 1.674743
-0.001839 0.765234 0.643743 1.366620
-0.988020 0.097951 -0.119260 -0.990892
0.000000 0.000000 0.000000 1.000000
-0.162923 -0.632986 0.756831 1.673290
-0.001303 0.767211 0.641386 1.366620
-0.986638 0.103511 -0.125824 -1.001276
0.000000 0.000000 0.000000 1.000000
-0.171516 -0.629662 0.757705 1.671803
-0.000741 0.769178 0.639026 1.366620
-0.985181 0.109043 -0.132395 -1.011328
0.000000 0.000000 0.000000 1.000000
-0.180094 -0.626283 0.758514 1.670277
-0.000152 0.771135 0.636665 1.366620
-0.983649 0.114546 -0.138974 -1.021030
0.000000 0.000000 0.000000 1.000000
-0.189234 -0.622732 0.759212 1.668394
-0.000209 0.773202 0.634152 1.366620
-0.981932 0.119846 -0.146449 -1.032437
0.000000 0.000000 0.000000 1.000000
-0.203202 -0.617242 0.760086 1.665258
-0.000573 0.776350 0.630294 1.366620
-0.979137 0.127643 -0.158112 -1.050868
0.000000 0.000000 0.000000 1.000000
-0.217130 -0.611626 0.760774 1.661929
-0.000866 0.779482 0.626417 1.366620
-0.976142 0.135356 -0.169782 -1.069488
0.000000 0.000000 0.000000 1.000000
-0.231016 -0.605886 0.761277 1.658408
-0.001089 0.782597 0.622520 1.366620
-0.972949 0.142985 -0.181455 -1.087950
0.000000 0.000000 0.000000 1.000000
-0.244856 -0.600022 0.761595 1.654688
-0.001240 0.785694 0.618607 1.366620
-0.969559 0.150527 -0.193128 -1.105919
0.000000 0.000000 0.000000 1.000000
-0.258646 -0.594038 0.761728 1.650764
-0.001320 0.788772 0.614677 1.366620
-0.965971 0.157980 -0.204800 -1.123042
0.000000 0.000000 0.000000 1.000000
-0.272384 -0.587932 0.761676 1.646631
-0.001329 0.791831 0.610731 1.366620
-0.962188 0.165343 -0.216467 -1.138977
0.000000 0.000000 0.000000 1.000000
-0.286067 -0.581708 0.761439 1.642287
-0.001266 0.794871 0.606770 1.366620
-0.958209 0.172614 -0.228126 -1.153376
0.000000 0.000000 0.000000 1.000000
-0.299691 -0.575367 0.761016 1.637731
-0.001133 0.797889 0.602795 1.366620
-0.954036 0.179792 -0.239775 -1.165899
0.000000 0.000000 0.000000 1.000000
-0.313254 -0.568909 0.760409 1.632953
-0.000929 0.800887 0.598807 1.366620
-0.949669 0.186875 -0.251412 -1.176196
0.000000 0.000000 0.000000 1.000000
-0.326752 -0.562337 0.759617 1.627952
-0.000653 0.803862 0.594807 1.366620
-0.945110 0.193861 -0.263034 -1.183927
0.000000 0.000000 0.000000 1.000000
-0.340182 -0.555652 0.758640 1.622726
-0.000306 0.806815 0.590796 1.366620
-0.940360 0.200748 -0.274637 -1.188743
0.000000 0.000000 0.000000 1.000000
-0.350208 -0.550565 0.757786 1.617266
0.000000 0.809015 0.587781 1.366620
-0.936672 0.205848 -0.283327 -1.190301
0.000000 0.000000 0.000000 1.000000
-0.340656 -0.550421 0.762232 1.615299
