1 0 0 0
0 0 -1 0
0 1 0 0
0 0 0 1
0.999972 -0.00450333 0.00597531 0.0134453
0.00598022 0.00107819 -0.999981 0.000717199
0.0044968 0.999989 0.00110513 -0.0021637
0 0 0 1
0.999875 -0.0107268 0.0116234 0.0275308
0.0116737 0.00464025 -0.999921 0.00203857
0.010672 0.999932 0.00476496 0.00245422
0 0 0 1
0.999741 -0.0141867 0.0177878 0.0418086
0.0178613 0.00506709 -0.999828 0.00291469
0.0140942 0.999887 0.0053192 -0.000894216
0 0 0 1
0.999542 -0.0200134 0.0227049 0.0536063
0.0228569 0.00739898 -0.999711 0.00379215
0.0198397 0.999772 0.00785305 0.00063193
0 0 0 1
0.999238 -0.0246989 0.0302349 0.0710273
0.0305198 0.0112383 -0.999471 0.00421649
0.024346 0.999632 0.0119836 0.0058996
0 0 0 1
0.998942 -0.0291878 0.0355272 0.0833338
0.0359032 0.012461 -0.999278 0.00839704
0.028724 0.999496 0.0134958 0.005324
0 0 0 1
0.998591 -0.0353173 0.0396187 0.0927951
0.0400858 0.0126175 -0.999117 0.00970004
0.0347863 0.999297 0.0140154 0.00170552
0 0 0 1
0.998166 -0.0391652 0.0461517 0.107737
0.0467445 0.0143557 -0.998804 0.0117956
0.0384558 0.99913 0.0161601 0.00229118
0 0 0 1
0.997586 -0.0448382 0.0530268 0.124575
0.0538993 0.018478 -0.998375 0.0147671
0.0437855 0.998823 0.0208501 0.00927347
0 0 0 1
0.997395 -0.0457686 0.0557447 0.128509
0.0566786 0.019366 -0.998205 0.0160111
0.0446069 0.998764 0.0219096 0.00662546
0 0 0 1
0.996674 -0.0513298 0.0632857 0.145866
0.0643423 0.0191993 -0.997743 0.0183845
0.049999 0.998497 0.0224381 0.00311628
0 0 0 1
0.996219 -0.0555836 0.066774 0.15383
0.0680726 0.0218052 -0.997442 0.0206778
0.0539854 0.998216 0.0255065 0.00608236
0 0 0 1
0.995388 -0.0610667 0.0739818 0.170658
0.0755217 0.0233028 -0.996872 0.0250036
0.0591517 0.997862 0.0278071 0.00711703
0 0 0 1
0.994588 -0.0663977 0.0799131 0.184072
0.0817439 0.0253258 -0.996331 0.0264264
0.0641302 0.997472 0.0306163 0.00941631
0 0 0 1
0.994025 -0.0707995 0.0830804 0.191224
0.0850701 0.025562 -0.996047 0.0296844
0.068396 0.997163 0.0314322 0.00661814
0 0 0 1
0.993143 -0.0759449 0.0888797 0.204944
0.0913957 0.0303152 -0.995353 0.0327337
0.0728977 0.996651 0.0370483 0.0158614
0 0 0 1
0.992012 -0.0804833 0.0971332 0.22466
0.0998879 0.0309291 -0.994518 0.0383246
0.0770379 0.996276 0.0387212 0.0158917
0 0 0 1
0.991065 -0.0861712 0.101808 0.235051
0.104814 0.031093 -0.994006 0.0406822
0.0824892 0.995795 0.039847 0.013263
0 0 0 1
0.990027 -0.0908688 0.107653 0.249361
0.111015 0.0327745 -0.993278 0.0459852
0.0867297 0.995323 0.0425353 0.0163937
0 0 0 1
0.989057 -0.0934332 0.114178 0.262003
0.118001 0.0364547 -0.992344 0.0500343
0.0885555 0.994958 0.0470809 0.022116
0 0 0 1
0.987961 -0.0979856 0.119717 0.274183
0.123813 0.0368299 -0.991622 0.0540475
0.0927555 0.994506 0.0485184 0.0214079
0 0 0 1
0.986959 -0.103159 0.123572 0.28369
0.12826 0.0400862 -0.99093 0.0559669
0.0972693 0.993857 0.0527945 0.0269909
0 0 0 1
0.985374 -0.108899 0.13107 0.301832
0.136277 0.0418047 -0.989788 0.060748
0.102308 0.993173 0.0560337 0.0298271
0 0 0 1
0.984152 -0.114406 0.135485 0.312425
0.141149 0.0429175 -0.989057 0.0659593
0.107339 0.992507 0.0583856 0.0320211
0 0 0 1
0.983049 -0.118727 0.139707 0.322182
0.145366 0.0403789 -0.988554 0.0692391
0.111727 0.992105 0.0569532 0.0241765
0 0 0 1
0.981365 -0.123834 0.14693 0.338975
0.153498 0.0452366 -0.987113 0.0750273
0.115592 0.991271 0.0634019 0.0345641
0 0 0 1
0.979999 -0.128932 0.151588 0.349665
0.158778 0.0473909 -0.986176 0.0790535
0.119966 0.99052 0.0669145 0.0391632
0 0 0 1
0.978582 -0.133556 0.156655 0.362259
0.164474 0.0496081 -0.985133 0.0837309
0.123799 0.989799 0.0705119 0.0426908
0 0 0 1
0.976671 -0.140085 0.162758 0.377205
0.171063 0.049367 -0.984022 0.0907337
0.129812 0.988908 0.0721787 0.0430354
0 0 0 1
0.974716 -0.145036 0.16998 0.392158
0.179949 0.0585404 -0.981933 0.0962678
0.132465 0.987693 0.0831592 0.0636224
0 0 0 1
0.973053 -0.149577 0.175482 0.405607
0.18563 0.0567146 -0.980982 0.0995024
0.13678 0.987122 0.0829523 0.0589406
0 0 0 1
0.971808 -0.153538 0.178927 0.413345
0.18947 0.0569063 -0.980236 0.104088
0.140321 0.986503 0.0843928 0.0582715
0 0 0 1
0.969712 -0.160174 0.184401 0.426293
0.196299 0.0618059 -0.978594 0.110097
0.145349 0.985152 0.091376 0.0700415
0 0 0 1
0.968542 -0.163816 0.187327 0.432471
0.199683 0.0623821 -0.977873 0.115131
0.148506 0.984516 0.093131 0.0702005
0 0 0 1
0.965956 -0.169301 0.195616 0.452769
0.208656 0.0628341 -0.975968 0.120804
0.152941 0.983559 0.0960207 0.0725577
0 0 0 1
0.963852 -0.174074 0.201711 0.46663
0.215383 0.0633991 -0.974469 0.127822
0.156842 0.982689 0.0986 0.0736332
0 0 0 1
0.962074 -0.178108 0.20662 0.478468
0.22078 0.063514 -0.973253 0.133571
0.160221 0.981959 0.100428 0.0741841
0 0 0 1
0.959716 -0.184194 0.212172 0.491853
0.227553 0.0665824 -0.971487 0.139069
0.164815 0.980632 0.105814 0.0821865
0 0 0 1
0.957975 -0.188581 0.216149 0.499974
0.232281 0.0678434 -0.97028 0.14537
0.168312 0.979711 0.108796 0.0854813
0 0 0 1
0.95566 -0.193876 0.221643 0.512831
0.238922 0.0705196 -0.968475 0.150178
0.172134 0.978488 0.113714 0.0915141
0 0 0 1
0.953626 -0.197898 0.22679 0.524866
0.244609 0.0704771 -0.967057 0.155985
0.175395 0.977686 0.115616 0.0918301
0 0 0 1
0.950924 -0.203637 0.23297 0.539991
0.25182 0.0717983 -0.965107 0.162676
0.179805 0.97641 0.119555 0.096389
0 0 0 1
0.948569 -0.208737 0.238005 0.550692
0.257707 0.0725092 -0.963499 0.169016
0.183861 0.97528 0.122573 0.0987675
0 0 0 1
0.946872 -0.212493 0.241413 0.559205
0.261309 0.0707228 -0.962661 0.173867
0.187485 0.9746 0.122492 0.0949827
0 0 0 1
0.943678 -0.218235 0.248685 0.576429
0.269981 0.0734183 -0.960062 0.182376
0.191261 0.973131 0.128203 0.103198
0 0 0 1
0.941474 -0.222363 0.25334 0.588159
0.27507 0.0723794 -0.958696 0.187823
0.194842 0.972274 0.129309 0.101711
0 0 0 1
0.938304 -0.227618 0.260338 0.603847
0.283212 0.0738089 -0.956213 0.195867
0.198436 0.970949 0.133719 0.107027
0 0 0 1
0.936192 -0.232279 0.263802 0.612795
0.287784 0.075637 -0.954704 0.200553
0.201804 0.969704 0.137657 0.112058
0 0 0 1
0.933637 -0.237372 0.268283 0.623328
0.29352 0.0776064 -0.952798 0.20897
0.205348 0.968314 0.14213 0.118134
0 0 0 1
0.930035 -0.243678 0.275054 0.641022
0.302362 0.0820824 -0.949652 0.213157
0.208833 0.966376 0.150019 0.130893
0 0 0 1
0.927724 -0.24808 0.278899 0.650152
0.306885 0.0815877 -0.948243 0.219263
0.212485 0.965298 0.151823 0.130568
0 0 0 1
0.924787 -0.252423 0.284697 0.663836
0.313445 0.0812595 -0.946123 0.227041
0.215689 0.964199 0.154268 0.131676
0 0 0 1
0.921933 -0.2576 0.289278 0.674781
0.319276 0.0825084 -0.944063 0.232382
0.219323 0.962722 0.158313 0.136434
0 0 0 1
0.919007 -0.262435 0.294202 0.687828
0.325472 0.0839318 -0.941819 0.238775
0.222473 0.961293 0.162549 0.141776
0 0 0 1
0.915736 -0.268439 0.298946 0.699706
0.3315 0.0843954 -0.939673 0.246155
0.227015 0.959593 0.166271 0.146037
0 0 0 1
0.913076 -0.272898 0.303017 0.708888
0.33641 0.0841056 -0.937952 0.253127
0.23048 0.958359 0.1686 0.146838
0 0 0 1
0.909833 -0.2775 0.308541 0.722916
0.342938 0.0841496 -0.935581 0.259874
0.23366 0.957033 0.171727 0.149477
0 0 0 1
0.906901 -0.281969 0.313088 0.733098
0.348567 0.0846276 -0.933456 0.266561
0.236709 0.955684 0.175034 0.152502
0 0 0 1
0.903865 -0.286912 0.317349 0.744432
0.353677 0.0837578 -0.93161 0.273001
0.24071 0.954288 0.17718 0.152387
0 0 0 1
0.900696 -0.292354 0.321367 0.755233
0.360761 0.0911383 -0.928195 0.278595
0.242072 0.951958 0.187558 0.170708
0 0 0 1
0.897312 -0.297416 0.326152 0.766552
0.366363 0.0897082 -0.926137 0.285894
0.24619 0.950524 0.189459 0.171009
0 0 0 1
0.894177 -0.30203 0.330492 0.778311
0.371432 0.0882983 -0.924252 0.291302
0.24997 0.9492 0.191138 0.169956
0 0 0 1
0.8906 -0.307546 0.335032 0.789192
0.378167 0.0915788 -0.921197 0.299773
0.252629 0.947116 0.197864 0.180314
0 0 0 1
0.886604 -0.312521 0.340975 0.804458
0.385159 0.0906724 -0.918385 0.30666
0.256098 0.945573 0.200761 0.182627
0 0 0 1
0.883536 -0.316957 0.344823 0.813809
0.390125 0.0906516 -0.916288 0.313807
0.259166 0.944098 0.203747 0.18467
0 0 0 1
0.879846 -0.322299 0.349277 0.82563
0.395792 0.0900601 -0.913914 0.319815
0.263098 0.942344 0.206802 0.186624
0 0 0 1
0.876399 -0.326684 0.353839 0.836071
0.40171 0.0906548 -0.911269 0.326608
0.26562 0.940776 0.210682 0.190398
0 0 0 1
0.872573 -0.332211 0.358122 0.847427
0.407136 0.0895028 -0.908971 0.333927
0.269917 0.938949 0.213353 0.191861
0 0 0 1
0.868793 -0.336467 0.363302 0.860203
0.413188 0.0882502 -0.906359 0.341092
0.272898 0.937551 0.215695 0.192468
0 0 0 1
0.864124 -0.342459 0.368797 0.873851
0.421847 0.093219 -0.901862 0.34987
0.274472 0.934897 0.225018 0.207981
0 0 0 1
0.861007 -0.346804 0.372014 0.882592
0.426764 0.0947617 -0.899384 0.35529
0.276657 0.933138 0.229594 0.213165
0 0 0 1
0.857042 -0.352359 0.375929 0.893787
0.432311 0.0947984 -0.896727 0.36178
0.280332 0.931051 0.233575 0.217095
0 0 0 1
0.854001 -0.356201 0.379214 0.902296
0.436682 0.0945191 -0.894637 0.367358
0.282828 0.929616 0.236266 0.218743
0 0 0 1
0.849817 -0.361372 0.383694 0.913469
0.442745 0.094436 -0.891661 0.374817
0.285987 0.927627 0.240249 0.222246
0 0 0 1
0.845867 -0.365613 0.388376 0.925356
0.449187 0.0956085 -0.888307 0.381702
0.287645 0.925843 0.245101 0.228242
0 0 0 1
0.841816 -0.371037 0.392018 0.936039
0.454089 0.094184 -0.885964 0.387467
0.291804 0.923829 0.247769 0.229327
0 0 0 1
0.837391 -0.376276 0.396476 0.948556
0.459781 0.0926269 -0.883188 0.393396
0.295599 0.921866 0.250569 0.230958
0 0 0 1
0.833106 -0.38148 0.400509 0.959041
0.4658 0.0934103 -0.879946 0.399835
0.29827 0.919645 0.255514 0.236622
0 0 0 1
0.829106 -0.386191 0.404278 0.969494
0.471233 0.0935764 -0.87703 0.406254
0.30087 0.91766 0.259571 0.240708
0 0 0 1
0.824569 -0.391126 0.408785 0.981315
0.478589 0.096878 -0.872678 0.412504
0.301725 0.915224 0.267071 0.251042
0 0 0 1
0.820541 -0.395218 0.412936 0.991566
0.483562 0.0947856 -0.870163 0.41884
0.304763 0.913684 0.268888 0.249867
0 0 0 1
0.815499 -0.400402 0.417898 1.00496
0.489868 0.0930189 -0.86682 0.426427
0.308204 0.911606 0.272001 0.25161
0 0 0 1
0.811965 -0.404516 0.420809 1.01301
0.493774 0.0915394 -0.864759 0.430361
0.311288 0.909938 0.274066 0.251034
0 0 0 1
0.807348 -0.409469 0.424881 1.02411
0.499713 0.0915202 -0.861342 0.436774
0.313808 0.907722 0.278506 0.255551
0 0 0 1
0.80327 -0.414445 0.427777 1.03347
0.504061 0.0904106 -0.858922 0.441839
0.3173 0.905572 0.28153 0.257112
0 0 0 1
0.799506 -0.417989 0.431365 1.04556
0.509629 0.0919488 -0.855467 0.448602
0.317912 0.903787 0.286533 0.264998
0 0 0 1
0.797625 -0.41856 0.434283 1.05763
0.510979 0.0863734 -0.855243 0.454997
0.32046 0.904072 0.282769 0.264091
0 0 0 1
0.795938 -0.419556 0.436412 1.06872
0.513387 0.0857797 -0.853859 0.461302
0.320807 0.903667 0.28367 0.273224
0 0 0 1
0.79419 -0.419886 0.439269 1.08054
0.515464 0.0826858 -0.852912 0.467901
0.321805 0.903802 0.282104 0.276944
0 0 0 1
0.792414 -0.419939 0.442414 1.09426
0.51777 0.0796247 -0.851806 0.475112
0.32248 0.904052 0.280528 0.280818
0 0 0 1
0.790327 -0.420645 0.445467 1.10709
0.520582 0.077646 -0.850274 0.482553
0.323075 0.903896 0.280346 0.287563
0 0 0 1
0.78864 -0.421102 0.448018 1.11865
0.522435 0.0747271 -0.849398 0.488852
0.324204 0.90393 0.278931 0.291385
0 0 0 1
0.786926 -0.421035 0.451085 1.13129
0.524189 0.0704699 -0.848682 0.49504
0.325536 0.904303 0.276156 0.292702
0 0 0 1
0.784072 -0.422155 0.45499 1.14648
0.527516 0.0669886 -0.8469 0.503501
0.327044 0.904045 0.275217 0.297757
0 0 0 1
0.782589 -0.422667 0.457063 1.1569
0.528764 0.06379 -0.846368 0.508947
0.328576 0.904037 0.273413 0.30129
0 0 0 1
0.78085 -0.423393 0.45936 1.16841
0.530876 0.0621083 -0.845171 0.515047
0.32931 0.903814 0.273266 0.307884
0 0 0 1
0.778784 -0.423696 0.462577 1.18056
0.532813 0.0576029 -0.84427 0.522072
0.331068 0.903971 0.270611 0.30923
0 0 0 1
0.777241 -0.423842 0.465031 1.19207
0.534314 0.0543115 -0.843539 0.527392
0.332271 0.904106 0.268678 0.31197
0 0 0 1
0.775066 -0.424418 0.468126 1.20555
0.536755 0.0513077 -0.842177 0.535283
0.333416 0.904012 0.267575 0.316931
0 0 0 1
0.77284 -0.423923 0.472237 1.2194
0.540824 0.0506617 -0.839608 0.542388
0.332005 0.90428 0.268421 0.324738
0 0 0 1
0.770841 -0.424012 0.475414 1.23263
0.542903 0.0468474 -0.838487 0.550157
0.333257 0.904444 0.266309 0.327774
0 0 0 1
0.768328 -0.425364 0.478265 1.24519
0.545433 0.0441191 -0.836993 0.557088
0.334926 0.903946 0.265905 0.333797
0 0 0 1
0.766131 -0.426522 0.480752 1.25687
0.546776 0.0394475 -0.836349 0.56319
0.337757 0.903617 0.263434 0.335667
0 0 0 1
0.764891 -0.425648 0.483492 1.26836
0.548895 0.0378554 -0.835034 0.569471
0.337128 0.904096 0.262592 0.340355
0 0 0 1
0.763023 -0.425831 0.486274 1.27975
0.550802 0.0346676 -0.833916 0.576626
0.33825 0.904138 0.261001 0.344752
0 0 0 1
0.761248 -0.426672 0.488317 1.29078
0.552123 0.0315307 -0.833166 0.581156
0.340092 0.903857 0.259578 0.348208
0 0 0 1
0.758899 -0.426972 0.491698 1.30369
0.553948 0.0263046 -0.832135 0.589357
0.342364 0.903882 0.256483 0.348779
0 0 0 1
0.756433 -0.427788 0.494779 1.31695
0.556885 0.0244648 -0.830229 0.597078
0.343058 0.903548 0.256735 0.356663
0 0 0 1
0.753853 -0.428283 0.498276 1.32993
0.559659 0.0212571 -0.82845 0.604768
0.344219 0.903395 0.255717 0.361548
0 0 0 1
0.751387 -0.428331 0.501947 1.34358
0.562306 0.0175758 -0.826743 0.611812
0.345297 0.903451 0.254059 0.364637
0 0 0 1
0.750655 -0.428218 0.503137 1.35291
0.562405 0.0145036 -0.826735 0.615557
0.346726 0.903559 0.251719 0.366631
0 0 0 1
0.748833 -0.429464 0.504787 1.3615
0.56396 0.0128235 -0.825703 0.621763
0.348136 0.902993 0.251803 0.373651
0 0 0 1
0.746078 -0.428074 0.51002 1.37858
0.567575 0.00832982 -0.82328 0.630257
0.348176 0.903705 0.249178 0.375194
0 0 0 1
0.744412 -0.429408 0.511331 1.38662
0.56861 0.0062118 -0.822584 0.636519
0.350048 0.903089 0.24879 0.381333
0 0 0 1
0.742098 -0.429437 0.51466 1.39951
0.570211 0.000839263 -0.821498 0.643511
0.35235 0.903096 0.245492 0.381839
0 0 0 1
0.73964 -0.430214 0.517541 1.4108
0.573049 -0.000663251 -0.819521 0.651132
0.352913 0.902726 0.246043 0.390069
0 0 0 1
0.737458 -0.429782 0.521001 1.42348
0.575062 -0.00498849 -0.818095 0.659271
0.354201 0.902919 0.243472 0.391844
0 0 0 1
0.736109 -0.430426 0.522376 1.43118
0.575556 -0.00809972 -0.817722 0.663731
0.3562 0.902589 0.241772 0.395393
0 0 0 1
0.73477 -0.430576 0.524135 1.43938
0.576834 -0.00992374 -0.816801 0.670191
0.356896 0.9025 0.241079 0.400904
0 0 0 1
0.731348 -0.431459 0.528178 1.45469
0.580927 -0.0116097 -0.813873 0.679351
0.357285 0.902058 0.242156 0.410098
0 0 0 1
0.729515 -0.431227 0.530897 1.46504
0.58173 -0.0170381 -0.813204 0.685426
0.359721 0.902083 0.238428 0.409986
0 0 0 1
0.72821 -0.432178 0.531914 1.47213
0.582346 -0.019032 -0.812718 0.689847
0.361363 0.901587 0.237818 0.415254
0 0 0 1
0.725529 -0.432684 0.535157 1.48379
0.585907 -0.019554 -0.810142 0.699626
0.361 0.901334 0.239326 0.425415
0 0 0 1
0.722656 -0.432923 0.538837 1.49594
0.587795 -0.0252643 -0.808615 0.708652
0.363682 0.901077 0.236213 0.426535
0 0 0 1
0.721371 -0.432945 0.540538 1.50405
0.588908 -0.0272409 -0.807741 0.713976
0.364433 0.901008 0.235314 0.431971
0 0 0 1
0.718556 -0.432488 0.544639 1.5171
0.591217 -0.0325514 -0.805856 0.723264
0.366251 0.901052 0.232304 0.433015
0 0 0 1
0.716719 -0.432429 0.5471 1.52728
0.592676 -0.0357074 -0.804649 0.729429
0.367489 0.900961 0.230698 0.436755
0 0 0 1
0.714702 -0.433316 0.549035 1.53584
0.594203 -0.037914 -0.803421 0.736001
0.368951 0.900444 0.23038 0.443753
0 0 0 1
0.712657 -0.432027 0.552696 1.54708
0.595938 -0.0428236 -0.801888 0.744646
0.370106 0.900843 0.226942 0.443867
0 0 0 1
0.709498 -0.433394 0.555682 1.55783
0.599634 -0.0429574 -0.799121 0.754152
0.370205 0.90018 0.229399 0.455944
0 0 0 1
0.708121 -0.4326 0.558052 1.56718
0.600032 -0.0479221 -0.798539 0.760163
0.372191 0.900311 0.225639 0.456256
0 0 0 1
0.706133 -0.432867 0.560359 1.57558
0.601975 -0.0496979 -0.796967 0.76748
0.37283 0.900087 0.225482 0.462744
0 0 0 1
0.70422 -0.433085 0.562594 1.58261
0.603485 -0.0522912 -0.795658 0.775166
0.374006 0.899835 0.224536 0.468644
0 0 0 1
0.701652 -0.432421 0.566301 1.59546
0.605816 -0.0563093 -0.79361 0.783671
0.375061 0.899912 0.222458 0.471518
0 0 0 1
0.698966 -0.433196 0.569023 1.60457
0.608486 -0.0578161 -0.791456 0.792464
0.375755 0.899443 0.223182 0.480858
0 0 0 1
0.69642 -0.433455 0.571941 1.61387
0.610537 -0.0609876 -0.789636 0.800527
0.377153 0.899109 0.222167 0.486357
0 0 0 1
0.696288 -0.432485 0.572835 1.61773
0.609887 -0.0643062 -0.789875 0.806099
0.378446 0.899345 0.218991 0.487434
0 0 0 1
0.692657 -0.433521 0.576442 1.62936
0.612917 -0.0675089 -0.787258 0.816359
0.380207 0.898611 0.218952 0.495356
0 0 0 1
0.689421 -0.432863 0.580799 1.64066
0.615626 -0.0723827 -0.784707 0.826712
0.38171 0.898549 0.216579 0.498098
0 0 0 1
0.685818 -0.435611 0.583007 1.6492
0.61931 -0.0714258 -0.781891 0.837567
0.382242 0.897297 0.220793 0.515027
0 0 0 1
0.683862 -0.436467 0.584662 1.6551
0.619059 -0.0769804 -0.781563 0.843779
0.386134 0.896421 0.217555 0.516443
0 0 0 1
0.68162 -0.435778 0.587785 1.66424
0.621122 -0.0800361 -0.779616 0.852485
0.386784 0.896489 0.216117 0.521505
0 0 0 1
0.679457 -0.435593 0.590421 1.67183
0.62249 -0.0837301 -0.778136 0.860577
0.388387 0.896241 0.214261 0.525797
0 0 0 1
0.675922 -0.435215 0.594741 1.68312
0.626225 -0.0862954 -0.774852 0.873526
0.38855 0.896181 0.214213 0.533653
0 0 0 1
0.67511 -0.435215 0.595662 1.6855
0.624968 -0.0916078 -0.775257 0.87881
0.391971 0.895654 0.21015 0.532921
0 0 0 1
0.672073 -0.43479 0.599396 1.69447
0.627871 -0.0945124 -0.772558 0.889979
0.392551 0.895558 0.209473 0.54003
0 0 0 1
0.669965 -0.435724 0.601075 1.69951
0.629399 -0.0960035 -0.771129 0.8983
0.393705 0.894946 0.209925 0.549322
0 0 0 1
0.66706 -0.435418 0.604518 1.70783
0.631308 -0.10048 -0.768995 0.908471
0.395576 0.894603 0.207857 0.55337
0 0 0 1
0.664026 -0.436678 0.606945 1.71424
0.634318 -0.100773 -0.766476 0.916478
0.395867 0.893956 0.210076 0.560161
0 0 0 1
0.656797 -0.443098 0.610149 1.7215
0.640958 -0.0981907 -0.761269 0.928456
0.397228 0.89108 0.219516 0.573701
0 0 0 1
0.650402 -0.448793 0.612831 1.72569
0.645392 -0.0989406 -0.757417 0.938105
0.400557 0.888142 0.225296 0.57947
0 0 0 1
0.643452 -0.454944 0.615626 1.73154
0.649935 -0.100196 -0.753356 0.947887
0.404418 0.884865 0.231213 0.586433
0 0 0 1
0.636735 -0.460115 0.618759 1.73777
0.653475 -0.103972 -0.749774 0.956436
0.409316 0.88175 0.234471 0.587964
0 0 0 1
0.630486 -0.46625 0.620562 1.74073
0.656606 -0.105999 -0.746748 0.964855
0.41395 0.878279 0.239312 0.592552
0 0 0 1
0.623014 -0.471995 0.623758 1.74662
0.660891 -0.108934 -0.742533 0.975177
0.418421 0.874845 0.24407 0.59744
0 0 0 1
0.615738 -0.478004 0.626402 1.7522
0.664444 -0.112327 -0.738848 0.985049
0.423535 0.871145 0.248443 0.601681
0 0 0 1
0.608435 -0.483094 0.629625 1.75912
0.668468 -0.115638 -0.734696 0.99596
0.427735 0.867899 0.252575 0.605344
0 0 0 1
0.601323 -0.490132 0.631017 1.76045
0.672264 -0.116465 -0.731093 1.00607
0.431823 0.863833 0.259465 0.614501
0 0 0 1
0.593782 -0.49505 0.63431 1.76722
0.676978 -0.118706 -0.726368 1.01792
0.434885 0.860718 0.264652 0.620315
0 0 0 1
0.587428 -0.501109 0.635467 1.76776
0.684027 -0.11218 -0.720779 1.02893
0.432475 0.858083 0.276874 0.637611
0 0 0 1
0.579078 -0.506455 0.638883 1.7738
0.689821 -0.113298 -0.71506 1.0433
0.43453 0.85479 0.283755 0.646831
0 0 0 1
0.572888 -0.512093 0.639969 1.77634
0.691696 -0.116829 -0.712676 1.05098
0.439723 0.850948 0.287283 0.649797
0 0 0 1
0.564168 -0.518061 0.642905 1.78212
0.69605 -0.120403 -0.707826 1.06345
0.444105 0.846827 0.292669 0.656541
0 0 0 1
0.556662 -0.523364 0.645149 1.78561
0.700767 -0.121247 -0.703011 1.07563
0.446153 0.843439 0.299263 0.665118
0 0 0 1
0.548856 -0.528998 0.647239 1.78869
0.704078 -0.124815 -0.699068 1.08714
0.450591 0.839394 0.30395 0.670142
0 0 0 1
0.541393 -0.534558 0.648955 1.79165
0.708376 -0.125744 -0.694544 1.09874
0.452876 0.835725 0.310591 0.67886
0 0 0 1
0.534006 -0.540346 0.65028 1.79447
0.711676 -0.127963 -0.690754 1.10864
0.456458 0.831656 0.316218 0.685852
0 0 0 1
0.526376 -0.544862 0.652728 1.79903
0.714647 -0.132411 -0.686839 1.12009
0.460661 0.828005 0.319685 0.688545
0 0 0 1
0.518358 -0.551115 0.653894 1.80052
0.718244 -0.13444 -0.682679 1.13145
0.464144 0.823528 0.326147 0.697825
0 0 0 1
0.510961 -0.555917 0.655649 1.80459
0.72234 -0.135796 -0.678074 1.14279
0.465987 0.820071 0.332175 0.705191
0 0 0 1
0.503432 -0.560427 0.657631 1.80719
0.725849 -0.138579 -0.67375 1.15498
0.468722 0.816527 0.33702 0.710408
0 0 0 1
0.495301 -0.566168 0.658886 1.80991
0.730054 -0.13981 -0.668935 1.16749
0.470849 0.812346 0.344086 0.720512
0 0 0 1
0.487814 -0.571173 0.660151 1.81108
0.733343 -0.142096 -0.664843 1.17901
0.473546 0.808437 0.349549 0.727219
0 0 0 1
0.479017 -0.575958 0.662432 1.81588
0.73791 -0.144515 -0.659246 1.19272
0.475429 0.804604 0.35578 0.735293
0 0 0 1
0.471255 -0.580865 0.663713 1.81733
0.741039 -0.147331 -0.655099 1.20451
0.47831 0.800556 0.361013 0.741451
0 0 0 1
0.463012 -0.586046 0.664959 1.81943
0.744226 -0.150416 -0.650771 1.21605
0.481402 0.796194 0.366506 0.748593
0 0 0 1
0.455466 -0.590888 0.665885 1.82043
0.746537 -0.15399 -0.647278 1.22702
0.485008 0.791921 0.370983 0.753543
0 0 0 1
0.447553 -0.595367 0.66726 1.82335
0.749524 -0.157242 -0.64303 1.23866
0.48776 0.787917 0.375868 0.759625
0 0 0 1
0.439314 -0.601103 0.667591 1.82292
0.753297 -0.158385 -0.638324 1.25122
0.489435 0.783319 0.383229 0.769829
0 0 0 1
0.429485 -0.606322 0.669266 1.8268
0.75994 -0.157728 -0.630566 1.2686
0.487888 0.77942 0.393026 0.784504
0 0 0 1
0.421985 -0.61143 0.66939 1.82715
0.762088 -0.160705 -0.627212 1.27888
0.49107 0.774808 0.398148 0.791735
0 0 0 1
0.414116 -0.61562 0.670462 1.8291
0.766042 -0.16212 -0.622011 1.29211
0.491618 0.771187 0.404454 0.799561
0 0 0 1
0.406586 -0.619978 0.671055 1.82998
0.768146 -0.165668 -0.618471 1.30221
0.494611 0.766929 0.408875 0.804546
0 0 0 1
0.397433 -0.624319 0.672512 1.83273
0.771629 -0.16926 -0.613139 1.31621
0.496624 0.762612 0.414473 0.811672
0 0 0 1
0.388108 -0.629354 0.673265 1.83412
0.776172 -0.170683 -0.60698 1.3311
0.49692 0.758143 0.422244 0.822547
0 0 0 1
0.380836 -0.633243 0.673771 1.83486
0.779126 -0.172628 -0.60263 1.34246
0.497923 0.754455 0.427633 0.829193
0 0 0 1
0.372064 -0.63805 0.674137 1.83545
0.78243 -0.175145 -0.597602 1.35498
0.499372 0.749811 0.434064 0.837802
0 0 0 1
0.364729 -0.64233 0.674081 1.83547
0.783609 -0.179278 -0.594825 1.36469
0.502922 0.745166 0.437947 0.841945
0 0 0 1
0.355617 -0.646087 0.675359 1.83835
0.787464 -0.182093 -0.588848 1.37916
0.503425 0.741225 0.444015 0.849935
0 0 0 1
0.346854 -0.651985 0.674246 1.83689
0.792132 -0.181292 -0.582804 1.39257
0.502215 0.73624 0.453576 0.864001
0 0 0 1
0.337835 -0.655626 0.675294 1.83916
0.793995 -0.18675 -0.578529 1.40506
0.50541 0.731627 0.457474 0.86832
0 0 0 1
0.329242 -0.659681 0.67559 1.84015
0.795635 -0.191481 -0.574717 1.41621
0.508492 0.726744 0.461822 0.873506
0 0 0 1
0.31913 -0.665084 0.675144 1.84027
0.799605 -0.193439 -0.568518 1.43041
0.508711 0.72128 0.470072 0.885637
0 0 0 1
0.312136 -0.668626 0.674915 1.84051
0.801694 -0.195807 -0.564753 1.44031
0.509762 0.717355 0.474915 0.89113
0 0 0 1
0.302788 -0.671742 0.676078 1.84284
0.804401 -0.200321 -0.559294 1.45444
0.511134 0.713186 0.479696 0.89674
0 0 0 1
0.294455 -0.675768 0.675747 1.84329
0.806394 -0.203772 -0.555162 1.46508
0.512859 0.708389 0.484934 0.903176
0 0 0 1
0.285295 -0.680623 0.674803 1.8433
0.809383 -0.205998 -0.549968 1.47753
0.513329 0.703077 0.492115 0.913158
0 0 0 1
0.276081 -0.684534 0.674679 1.84419
0.811877 -0.209616 -0.544901 1.48991
0.514427 0.698193 0.497887 0.920666
0 0 0 1
0.268691 -0.687146 0.675007 1.8454
0.812382 -0.21486 -0.542098 1.49911
0.517533 0.694021 0.500494 0.922761
0 0 0 1
0.258867 -0.693024 0.672834 1.84347
0.819016 -0.211788 -0.533253 1.51597
0.512056 0.689104 0.512772 0.940815
0 0 0 1
0.24844 -0.696693 0.672976 1.84471
0.821796 -0.216181 -0.527179 1.53043
0.512766 0.684021 0.518831 0.948742
0 0 0 1
0.240277 -0.700513 0.671974 1.84484
0.821891 -0.221519 -0.524809 1.53848
0.51649 0.678389 0.522519 0.952769
0 0 0 1
0.232281 -0.704131 0.671003 1.84414
0.82436 -0.223616 -0.520025 1.54975
0.516213 0.67394 0.528516 0.960056
0 0 0 1
0.220823 -0.708496 0.670277 1.84527
0.827177 -0.228063 -0.513581 1.56391
0.516735 0.667848 0.53569 0.970057
0 0 0 1
0.214106 -0.710317 0.670529 1.84686
0.828466 -0.231619 -0.509899 1.5734
0.517497 0.664683 0.538882 0.972337
0 0 0 1
0.205139 -0.714004 0.669415 1.84709
0.830502 -0.234909 -0.505058 1.58466
0.517865 0.659558 0.544793 0.979607
0 0 0 1
0.195031 -0.718174 0.667974 1.84718
0.83207 -0.239408 -0.500344 1.59606
0.519252 0.653383 0.550879 0.987629
0 0 0 1
0.186899 -0.721299 0.666931 1.84742
0.833806 -0.242508 -0.495941 1.60649
0.519458 0.648782 0.556098 0.994035
0 0 0 1
0.17773 -0.724156 0.66634 1.84887
0.835215 -0.247079 -0.491291 1.61691
0.520411 0.643855 0.560913 0.999468
0 0 0 1
0.1673 -0.727309 0.665607 1.85035
0.838044 -0.250708 -0.48459 1.63181
0.51932 0.638879 0.567574 1.00775
0 0 0 1
0.158792 -0.730909 0.663745 1.84971
0.840548 -0.252594 -0.479244 1.64279
0.517942 0.63401 0.574254 1.01652
0 0 0 1
0.154618 -0.730011 0.665716 1.84992
0.840428 -0.257055 -0.477078 1.65082
0.519398 0.633251 0.573776 1.02098
0 0 0 1
0.144503 -0.72885 0.669251 1.85068
0.842218 -0.264435 -0.469834 1.66604
0.519412 0.631547 0.575639 1.03001
0 0 0 1
0.135783 -0.727886 0.67212 1.85075
0.843481 -0.27094 -0.463822 1.67818
0.519714 0.6299 0.577169 1.0385
0 0 0 1
0.12843 -0.726308 0.675265 1.8519
0.845977 -0.275089 -0.456781 1.6917
0.517522 0.629923 0.57911 1.0471
0 0 0 1
0.119713 -0.723468 0.679899 1.85367
0.845911 -0.284163 -0.451316 1.70437
0.519714 0.629163 0.577971 1.05033
0 0 0 1
0.109901 -0.722924 0.682131 1.85344
0.847615 -0.290261 -0.444182 1.71916
0.519105 0.627001 0.580861 1.06165
0 0 0 1
0.101395 -0.721025 0.685451 1.8537
0.849217 -0.296173 -0.437164 1.73344
0.518218 0.626423 0.582276 1.06917
0 0 0 1
0.0942782 -0.720153 0.68738 1.85229
0.848646 -0.302849 -0.433685 1.74102
0.520492 0.624229 0.582603 1.07557
0 0 0 1
0.0833395 -0.719015 0.68998 1.85217
0.849262 -0.310994 -0.426659 1.75635
0.521353 0.621531 0.584713 1.08572
0 0 0 1
0.0762584 -0.717454 0.69242 1.85199
0.852305 -0.313489 -0.41869 1.771
0.517457 0.622081 0.587583 1.09555
0 0 0 1
0.065702 -0.714803 0.696232 1.8527
0.850452 -0.324848 -0.413768 1.78281
0.521933 0.619298 0.586563 1.10051
0 0 0 1
0.0593538 -0.714117 0.697506 1.85015
0.851384 -0.328593 -0.408866 1.79323
0.521173 0.618113 0.588484 1.10908
0 0 0 1
0.0492793 -0.711865 0.700586 1.85139
0.853493 -0.334313 -0.39973 1.8107
0.518769 0.617643 0.591097 1.11869
0 0 0 1
0.0410353 -0.709672 0.703336 1.85121
0.852711 -0.342019 -0.394851 1.82121
0.520769 0.615945 0.59111 1.12501
0 0 0 1
0.0320786 -0.708192 0.705291 1.85036
0.853988 -0.347217 -0.387486 1.83557
0.519303 0.61474 0.593649 1.13504
0 0 0 1
0.0223744 -0.706634 0.707225 1.84848
0.855195 -0.352873 -0.379634 1.85114
0.517823 0.61331 0.596415 1.14491
0 0 0 1
0.0159056 -0.704223 0.7098 1.84832
0.852928 -0.360901 -0.377179 1.85749
0.521786 0.611408 0.594911 1.14862
0 0 0 1
0.00767487 -0.702747 0.711398 1.8468
0.855614 -0.363596 -0.368405 1.87353
0.517558 0.61151 0.59849 1.15949
0 0 0 1
-0.00308444 -0.699481 0.714645 1.84678
0.854673 -0.37286 -0.36126 1.88827
0.519157 0.609674 0.598978 1.16627
0 0 0 1
-0.0126683 -0.69782 0.716161 1.84533
0.854383 -0.379652 -0.354816 1.90144
0.51949 0.607381 0.601015 1.1759
0 0 0 1
-0.0229506 -0.695345 0.71831 1.84436
0.854728 -0.386336 -0.346676 1.91669
0.518568 0.606003 0.603198 1.18428
0 0 0 1
-0.0312271 -0.693172 0.720096 1.84353
0.855637 -0.390927 -0.339206 1.93011
0.516633 0.605548 0.605311 1.19331
0 0 0 1
-0.0378343 -0.691001 0.721863 1.84152
0.853541 -0.398001 -0.336249 1.93691
0.519651 0.603418 0.604855 1.19843
0 0 0 1
-0.0477718 -0.687855 0.724274 1.84147
0.853328 -0.404995 -0.328346 1.95203
0.519182 0.602358 0.606313 1.20603
0 0 0 1
-0.054908 -0.684911 0.726554 1.84098
0.852511 -0.410976 -0.322993 1.96179
0.519818 0.60166 0.60646 1.21159
0 0 0 1
-0.0602055 -0.682378 0.728516 1.8414
0.851038 -0.416496 -0.319788 1.96781
0.521641 0.600742 0.605805 1.21634
0 0 0 1
-0.0706894 -0.680482 0.729347 1.83881
0.85232 -0.421067 -0.310248 1.98425
0.518222 0.599706 0.609753 1.22703
0 0 0 1
-0.082358 -0.676972 0.731386 1.83758
0.852774 -0.427655 -0.299811 2.00365
0.515745 0.599016 0.612526 1.23644
0 0 0 1
-0.0897439 -0.674204 0.733073 1.837
0.851686 -0.433517 -0.294439 2.01233
0.516311 0.597924 0.613115 1.24214
0 0 0 1
-0.0984198 -0.6724 0.733616 1.8346
0.85139 -0.438562 -0.287747 2.02391
0.515217 0.596273 0.615638 1.25145
0 0 0 1
-0.107472 -0.668595 0.73582 1.83357
0.849844 -0.445869 -0.281008 2.03582
0.515959 0.595132 0.61612 1.25678
0 0 0 1
-0.115017 -0.666714 0.736385 1.83088
0.84942 -0.450355 -0.275074 2.04528
0.515031 0.593862 0.618119 1.26436
0 0 0 1
-0.123191 -0.663683 0.7378 1.82904
0.847142 -0.457567 -0.270153 2.0531
0.516889 0.591741 0.618602 1.27008
0 0 0 1
-0.131658 -0.660558 0.739141 1.82852
0.846667 -0.462739 -0.26273 2.06537
0.515578 0.591216 0.620196 1.27705
0 0 0 1
-0.141061 -0.657122 0.740468 1.82699
0.845369 -0.469201 -0.255344 2.07707
0.515221 0.58995 0.621697 1.28334
0 0 0 1
-0.150383 -0.654164 0.741252 1.82413
0.844091 -0.475294 -0.248205 2.08795
0.514679 0.588358 0.62365 1.29076
0 0 0 1
-0.157291 -0.651522 0.742145 1.82265
0.842272 -0.480857 -0.243628 2.09416
0.515594 0.586767 0.624393 1.29599
0 0 0 1
-0.166101 -0.646986 0.744191 1.82217
0.840492 -0.487581 -0.236299 2.10503
0.515736 0.586237 0.624774 1.29995
0 0 0 1
-0.176978 -0.644836 0.74355 1.81775
0.841162 -0.49134 -0.225899 2.12191
0.511004 0.585467 0.629368 1.31166
0 0 0 1
-0.18613 -0.6412 0.744458 1.81622
0.839797 -0.49712 -0.218201 2.13271
0.509996 0.58458 0.631008 1.31786
0 0 0 1
-0.192527 -0.63789 0.745674 1.81562
0.838469 -0.50172 -0.212713 2.14
0.509807 0.584272 0.631446 1.32118
0 0 0 1
-0.201368 -0.633659 0.746945 1.81444
0.835437 -0.509212 -0.206757 2.14684
0.511367 0.582391 0.631921 1.32534
0 0 0 1
-0.209753 -0.630529 0.747287 1.81226
0.83444 -0.513797 -0.199304 2.15661
0.509621 0.581761 0.633909 1.33178
0 0 0 1
-0.218946 -0.627467 0.747227 1.80845
0.832482 -0.51958 -0.19238 2.16548
0.508956 0.579932 0.636115 1.33782
0 0 0 1
-0.226362 -0.623716 0.748157 1.80839
0.831402 -0.523898 -0.185209 2.17361
0.507475 0.580094 0.637149 1.34168
0 0 0 1
-0.235451 -0.618916 0.749337 1.80658
0.828126 -0.531316 -0.178633 2.18153
0.508693 0.578486 0.637639 1.34528
0 0 0 1
-0.249828 -0.614057 0.748679 1.80082
0.825312 -0.539412 -0.167018 2.19599
0.506405 0.576168 0.641548 1.35667
0 0 0 1
-0.263293 -0.608261 0.748796 1.79559
0.821734 -0.548034 -0.156239 2.20955
0.5054 0.574175 0.644122 1.3662
0 0 0 1
-0.279092 -0.602798 0.74749 1.78838
0.820914 -0.553635 -0.139961 2.23176
0.498205 0.574563 0.649361 1.37889
0 0 0 1
-0.291287 -0.596046 0.748252 1.78564
0.816691 -0.562253 -0.129952 2.24374
0.498164 0.573237 0.650562 1.3855
0 0 0 1
-0.304834 -0.590332 0.747385 1.78121
0.813323 -0.569672 -0.118235 2.25729
0.495562 0.571824 0.653786 1.396
0 0 0 1
-0.317858 -0.583595 0.747251 1.77651
0.80887 -0.578092 -0.107415 2.26852
0.494667 0.570286 0.655804 1.4025
0 0 0 1
-0.331412 -0.576866 0.746587 1.77197
0.804409 -0.586281 -0.0959224 2.27988
0.493044 0.568771 0.658337 1.4099
0 0 0 1
-0.344714 -0.56967 0.746088 1.76801
0.800689 -0.593294 -0.0830641 2.29182
0.489969 0.568751 0.660646 1.41544
0 0 0 1
-0.357695 -0.563015 0.745029 1.76332
0.795904 -0.60111 -0.0721353 2.29812
0.488458 0.567169 0.66312 1.42008
0 0 0 1
-0.371128 -0.55654 0.743321 1.7564
0.791511 -0.608186 -0.0601726 2.3044
0.485566 0.566015 0.666223 1.42491
0 0 0 1
-0.382912 -0.549545 0.742549 1.75289
0.78688 -0.615121 -0.0494665 2.30573
0.483941 0.565356 0.667963 1.42566
0 0 0 1
-0.393416 -0.543824 0.741269 1.74659
0.783506 -0.620151 -0.0391347 2.30988
0.48098 0.565392 0.670067 1.42645
0 0 0 1
-0.38451 -0.544539 0.745406 1.74439
0.785056 -0.617693 -0.0462784 2.30644
0.485633 0.567391 0.665002 1.42718
0 0 0 1
-0.3754 -0.543832 0.750547 1.74366
0.787505 -0.614183 -0.0511397 2.30724
0.488785 0.571862 0.658835 1.42645
0 0 0 1
-0.366559 -0.54417 0.754662 1.74052
0.790344 -0.610095 -0.0560355 2.30745
0.490908 0.575902 0.653717 1.42683
0 0 0 1
-0.357168 -0.543214 0.759835 1.7387
0.793023 -0.606171 -0.06059 2.30804
0.493504 0.580926 0.647286 1.42413
0 0 0 1
-0.347705 -0.543517 0.763997 1.73676
0.795312 -0.602522 -0.0666839 2.30493
0.496568 0.584429 0.641765 1.42348
0 0 0 1
-0.337834 -0.543122 0.768691 1.73507
0.797488 -0.59894 -0.0726933 2.30155
0.499881 0.588464 0.635476 1.42119
0 0 0 1
-0.327865 -0.54247 0.773454 1.73422
0.80066 -0.594113 -0.0772893 2.30119
0.501446 0.593934 0.629122 1.41837
0 0 0 1
-0.318046 -0.54246 0.77755 1.73176
0.802965 -0.590176 -0.0832965 2.29732
0.504077 0.597853 0.62328 1.41605
0 0 0 1
-0.30997 -0.542545 0.780746 1.72628
0.804502 -0.587288 -0.0887079 2.29418
0.506651 0.600615 0.61852 1.41529
0 0 0 1
-0.299655 -0.541624 0.785398 1.72743
0.806555 -0.583527 -0.094683 2.28984
0.509583 0.605095 0.611707 1.41165
0 0 0 1
-0.288285 -0.542309 0.789172 1.72523
0.806868 -0.581368 -0.104759 2.27802
0.515612 0.606558 0.605171 1.40859
0 0 0 1
-0.278824 -0.541757 0.792942 1.72246
0.80965 -0.576649 -0.109281 2.27579
0.516453 0.611535 0.599417 1.40522
0 0 0 1
-0.268281 -0.541675 0.796626 1.72043
0.810829 -0.573492 -0.116889 2.26696
0.520174 0.614569 0.593063 1.40161
0 0 0 1
-0.259699 -0.540045 0.800568 1.7186
0.81418 -0.568243 -0.119209 2.26802
0.519296 0.620847 0.587265 1.39744
0 0 0 1
-0.24965 -0.540175 0.80367 1.71578
0.815193 -0.565174 -0.126644 2.25916
0.522624 0.623529 0.581442 1.39471
0 0 0 1
-0.239407 -0.539141 0.807472 1.71365
0.817093 -0.561101 -0.132382 2.25312
0.524446 0.628087 0.574859 1.38916
0 0 0 1
-0.229721 -0.537606 0.8113 1.71248
0.818256 -0.558024 -0.138082 2.24653
0.526959 0.632131 0.568089 1.38394
0 0 0 1
-0.220299 -0.536237 0.814812 1.71152
0.820755 -0.553293 -0.142222 2.24298
0.527094 0.63743 0.562009 1.37946
0 0 0 1
-0.210011 -0.535897 0.817747 1.70792
0.822097 -0.54951 -0.148984 2.23444
0.5292 0.640978 0.555962 1.37473
0 0 0 1
-0.200354 -0.53459 0.821019 1.70675
0.82269 -0.546862 -0.155316 2.22563
0.532014 0.644326 0.549367 1.36958
0 0 0 1
-0.190141 -0.534535 0.82348 1.70326
0.822882 -0.544248 -0.163277 2.21399
0.535454 0.646581 0.543343 1.36486
0 0 0 1
-0.180296 -0.53407 0.825992 1.69925
0.825042 -0.539324 -0.168627 2.2073
0.535536 0.651076 0.537868 1.36022
0 0 0 1
-0.170827 -0.532187 0.829214 1.69868
0.82604 -0.536112 -0.173902 2.19997
0.5371 0.655256 0.53119 1.35439
0 0 0 1
-0.159677 -0.530746 0.832353 1.69673
0.82691 -0.532449 -0.180881 2.18911
0.539188 0.659399 0.523899 1.34669
0 0 0 1
-0.149879 -0.530014 0.834639 1.69414
0.827712 -0.52898 -0.187279 2.17953
0.540768 0.662771 0.517982 1.34122
0 0 0 1
-0.140336 -0.528485 0.837263 1.69173
0.82886 -0.525253 -0.192615 2.17149
0.541569 0.666943 0.511752 1.3353
0 0 0 1
-0.129992 -0.526718 0.840042 1.69014
0.829953 -0.521338 -0.198455 2.16208
0.542476 0.671398 0.504921 1.32798
0 0 0 1
-0.119431 -0.525871 0.842138 1.68745
0.829611 -0.518821 -0.206323 2.14865
0.545418 0.674006 0.498232 1.32098
0 0 0 1
-0.10925 -0.524036 0.84466 1.68495
0.829785 -0.515934 -0.212765 2.13749
0.547285 0.677642 0.491203 1.31331
0 0 0 1
-0.100427 -0.522993 0.8464 1.68263
0.831003 -0.511898 -0.217703 2.12891
0.547127 0.681498 0.486017 1.30817
0 0 0 1
-0.0877974 -0.522175 0.848307 1.68059
0.831164 -0.507784 -0.226543 2.11327
0.549052 0.685192 0.478595 1.29987
0 0 0 1
-0.0778176 -0.51846 0.851553 1.68087
0.832074 -0.504279 -0.230988 2.10565
0.549178 0.690581 0.470639 1.29026
0 0 0 1
-0.068495 -0.517101 0.85318 1.67738
0.832349 -0.501083 -0.236877 2.09467
0.550003 0.693918 0.46473 1.28379
0 0 0 1
-0.0561349 -0.515046 0.855322 1.67686
0.83236 -0.497245 -0.244796 2.08015
0.551386 0.698194 0.456616 1.27406
0 0 0 1
-0.0462715 -0.513853 0.85663 1.67347
0.832767 -0.493448 -0.251014 2.06847
0.551687 0.701758 0.450752 1.26707
0 0 0 1
-0.0368383 -0.512942 0.857633 1.66955
0.832316 -0.490729 -0.25775 2.0553
0.553076 0.704326 0.445007 1.26049
0 0 0 1
-0.0266485 -0.510438 0.859501 1.66759
0.833154 -0.486465 -0.263069 2.04492
0.552398 0.709087 0.438238 1.25185
0 0 0 1
-0.0157321 -0.50778 0.861343 1.66676
0.83238 -0.483938 -0.270088 2.03038
0.553982 0.712716 0.430279 1.24218
0 0 0 1
-0.00538981 -0.507423 0.86168 1.66189
0.833189 -0.478769 -0.276724 2.01825
0.552962 0.716451 0.425359 1.23587
0 0 0 1
0.0036383 -0.504343 0.863496 1.66135
0.83259 -0.476749 -0.281964 2.00659
0.553877 0.719964 0.418177 1.22765
0 0 0 1
0.0143516 -0.502603 0.864398 1.65707
0.832535 -0.472784 -0.288722 1.99277
0.553786 0.723786 0.41165 1.21835
0 0 0 1
0.0235597 -0.500454 0.865442 1.65539
0.832556 -0.469414 -0.29411 1.98085
0.553439 0.727459 0.405597 1.2111
0 0 0 1
0.0343795 -0.497585 0.866734 1.6533
0.831313 -0.467143 -0.301157 1.96613
0.55474 0.730881 0.397589 1.2004
0 0 0 1
0.045366 -0.495261 0.867559 1.65142
0.831116 -0.46312 -0.30784 1.95182
0.554245 0.735008 0.390609 1.191
0 0 0 1
0.0560274 -0.493758 0.867792 1.64832
0.830542 -0.459336 -0.314977 1.9368
0.554131 0.738385 0.384352 1.183
0 0 0 1
0.0652954 -0.491489 0.868433 1.64577
0.829916 -0.45647 -0.320739 1.92395
0.554053 0.741669 0.378089 1.17499
0 0 0 1
0.0765738 -0.488698 0.869086 1.6435
0.828939 -0.453175 -0.327862 1.90841
0.554074 0.745525 0.370399 1.1641
0 0 0 1
0.0861564 -0.485945 0.869732 1.64158
0.828444 -0.44997 -0.333477 1.8954
0.553405 0.749256 0.36381 1.15544
0 0 0 1
0.0961307 -0.483414 0.870098 1.63898
0.827711 -0.446705 -0.339631 1.88139
0.552859 0.752838 0.357185 1.14637
0 0 0 1
0.105989 -0.480576 0.870524 1.63747
0.826717 -0.44388 -0.345701 1.86724
0.552544 0.756318 0.350255 1.1373
0 0 0 1
0.118314 -0.478029 0.870339 1.63301
0.824962 -0.440515 -0.354096 1.84934
0.552666 0.759891 0.342236 1.12603
0 0 0 1
0.127062 -0.475092 0.870714 1.63175
0.824674 -0.437171 -0.358879 1.83755
0.551151 0.763656 0.336248 1.11824
0 0 0 1
0.137523 -0.472002 0.870805 1.62828
0.823177 -0.434492 -0.365509 1.82204
0.550879 0.767092 0.328788 1.10704
0 0 0 1
0.147703 -0.469681 0.870393 1.62566
0.822257 -0.430736 -0.371968 1.80739
0.549616 0.770627 0.322577 1.09854
0 0 0 1
0.157247 -0.467457 0.869918 1.62304
0.821032 -0.427633 -0.378202 1.79236
0.548799 0.773702 0.316553 1.09058
0 0 0 1
0.167911 -0.464619 0.869445 1.61976
0.819465 -0.424477 -0.385093 1.7764
0.54798 0.777141 0.309465 1.08035
0 0 0 1
0.177708 -0.460929 0.869462 1.61798
0.817896 -0.422136 -0.390957 1.76221
0.547235 0.780606 0.301975 1.06964
0 0 0 1
0.188201 -0.458171 0.868712 1.61532
0.816518 -0.418546 -0.397641 1.74629
0.545784 0.784154 0.295334 1.06045
0 0 0 1
0.197378 -0.45476 0.868467 1.61292
0.815243 -0.415858 -0.40304 1.73269
0.544446 0.787563 0.288658 1.05077
0 0 0 1
0.20765 -0.451767 0.867633 1.60944
0.813139 -0.413336 -0.409827 1.71651
0.54377 0.790607 0.281521 1.04023
0 0 0 1
0.217397 -0.449632 0.866354 1.60563
0.811322 -0.41023 -0.416494 1.70043
0.542674 0.793437 0.275613 1.03232
0 0 0 1
0.228658 -0.445877 0.865395 1.60339
0.809167 -0.407198 -0.423601 1.68359
0.541262 0.797109 0.267679 1.02073
0 0 0 1
0.238157 -0.442456 0.864589 1.60103
0.807601 -0.404276 -0.42935 1.66938
0.539501 0.800495 0.261047 1.01133
0 0 0 1
0.247605 -0.438889 0.863752 1.59854
0.80594 -0.401497 -0.435041 1.6551
0.537729 0.803851 0.254306 1.00186
0 0 0 1
0.257388 -0.436561 0.862071 1.59479
0.804153 -0.397905 -0.441598 1.63957
0.535807 0.806899 0.248646 0.994274
0 0 0 1
0.268055 -0.431765 0.861235 1.59374
0.801202 -0.396521 -0.448159 1.62304
0.534997 0.810154 0.239642 0.981136
0 0 0 1
0.276915 -0.428437 0.860093 1.5914
0.799538 -0.393739 -0.453551 1.60911
0.532971 0.813272 0.233519 0.972466
0 0 0 1
0.287153 -0.424858 0.85851 1.58779
0.797367 -0.390629 -0.460016 1.59323
0.530801 0.816642 0.226597 0.962516
0 0 0 1
0.299004 -0.421605 0.856064 1.58432
0.793528 -0.388415 -0.468452 1.57368
0.53001 0.81938 0.218418 0.950795
0 0 0 1
0.306976 -0.417584 0.855213 1.58301
0.792645 -0.385185 -0.472596 1.5623
0.526764 0.822955 0.212753 0.943295
0 0 0 1
0.31882 -0.415271 0.852 1.57742
0.7885 -0.382603 -0.481542 1.54197
0.525948 0.825327 0.20546 0.933012
0 0 0 1
0.327447 -0.411319 0.850644 1.57504
0.786779 -0.379832 -0.486526 1.52943
0.523219 0.82858 0.199242 0.924779
0 0 0 1
